/*--------------------------------*- C++ -*----------------------------------*\
  =========                 |
  \\      /  F ield         | OpenFOAM: The Open Source CFD Toolbox
   \\    /   O peration     | Website:  https://openfoam.org
    \\  /    A nd           | Version:  12
     \\/     M anipulation  |
\*---------------------------------------------------------------------------*/
FoamFile
{
    format      ascii;
    class       volScalarField;
    location    "300";
    object      p;
}
// * * * * * * * * * * * * * * * * * * * * * * * * * * * * * * * * * * * * * //

dimensions      [0 2 -2 0 0 0 0];

internalField   nonuniform List<scalar> 
10000
(
44.9185
44.9089
44.9089
44.2647
44.8992
44.9112
44.2655
44.8992
44.2655
43.6888
44.8928
44.9016
44.2676
44.9016
44.2674
43.6889
44.8928
44.2676
43.6889
43.1828
44.8898
44.8939
44.2697
44.9021
44.2682
43.6892
44.8939
44.2682
43.6893
43.1829
44.8898
44.2697
43.6892
43.1829
42.6873
44.8898
44.8905
44.2708
44.8949
44.2699
43.6895
44.8949
44.2694
43.689
43.183
44.8905
44.2699
43.689
43.183
42.6873
44.8898
44.2708
43.6895
43.183
42.6873
42.1909
44.8928
44.8905
44.2708
44.891
44.271
43.6897
44.8943
44.27
43.6892
43.1832
44.891
44.27
43.6891
43.183
42.6875
44.8905
44.271
43.6892
43.183
42.6874
42.1909
44.8928
44.2708
43.6897
43.1832
42.6875
42.1909
41.6978
44.8992
44.8939
44.2697
44.891
44.271
43.6897
44.8906
44.271
43.6894
43.1833
44.8906
44.2708
43.6888
43.1831
42.6876
44.891
44.271
43.6888
43.1831
42.6875
42.191
44.8939
44.271
43.6894
43.1831
42.6875
42.1909
41.6978
44.8992
44.2697
43.6897
43.1833
42.6876
42.191
41.6978
41.2095
44.9089
44.9016
44.2676
44.8949
44.2699
43.6895
44.8906
44.271
43.6894
43.1833
44.8892
44.271
43.6889
43.1832
42.6877
44.8906
44.271
43.6888
43.1831
42.6877
42.1911
44.8949
44.271
43.6889
43.1831
42.6877
42.191
41.6978
44.9016
44.2699
43.6894
43.1832
42.6877
42.191
41.6978
41.2095
44.9089
44.2676
43.6895
43.1833
42.6877
42.1911
41.6978
41.2095
40.7254
44.9185
44.9112
44.2655
44.9021
44.2682
43.6892
44.8943
44.27
43.6892
43.1832
44.8892
44.271
43.6889
43.1832
42.6877
44.8892
44.271
43.6886
43.1831
42.6878
42.1912
44.8943
44.271
43.6886
43.1832
42.6877
42.1911
41.6979
44.9021
44.27
43.6889
43.1831
42.6877
42.1911
41.6978
41.2095
44.9112
44.2682
43.6892
43.1832
42.6878
42.1911
41.6978
41.2095
40.7254
44.9185
44.2655
43.6892
43.1832
42.6877
42.1912
41.6979
41.2095
40.7254
40.245
44.9089
44.2647
44.9016
44.2674
43.6889
44.8949
44.2694
43.689
43.183
44.8906
44.2708
43.6888
43.1831
42.6876
44.8892
44.271
43.6886
43.1831
42.6878
42.1912
44.8906
44.271
43.6885
43.1831
42.6878
42.1912
41.698
44.8949
44.2708
43.6886
43.1831
42.6879
42.1912
41.6979
41.2096
44.9016
44.2694
43.6888
43.1831
42.6878
42.1912
41.6979
41.2095
40.7254
44.9089
44.2674
43.689
43.1831
42.6878
42.1912
41.6979
41.2095
40.7254
40.245
44.2647
43.6889
43.183
42.6876
42.1912
41.698
41.2096
40.7254
40.245
39.768
44.8992
44.2655
43.6888
44.8939
44.2682
43.6893
43.1829
44.891
44.27
43.6891
43.183
42.6875
44.8906
44.271
43.6888
43.1831
42.6877
42.1911
44.8906
44.271
43.6885
43.1831
42.6878
42.1912
41.698
44.891
44.271
43.6885
43.1831
42.6879
42.1912
41.698
41.2096
44.8939
44.27
43.6888
43.1831
42.6879
42.1913
41.698
41.2096
40.7255
44.8992
44.2682
43.6891
43.1831
42.6878
42.1912
41.698
41.2096
40.7254
40.245
44.2655
43.6893
43.183
42.6877
42.1912
41.698
41.2096
40.7254
40.245
39.768
43.6888
43.1829
42.6875
42.1911
41.698
41.2096
40.7255
40.245
39.768
39.2939
44.8928
44.2676
43.6889
43.1828
44.8905
44.2699
43.689
43.183
42.6873
44.891
44.271
43.6888
43.1831
42.6875
42.191
44.8943
44.271
43.6886
43.1832
42.6877
42.1911
41.6979
44.891
44.271
43.6885
43.1831
42.6879
42.1912
41.698
41.2096
44.8905
44.271
43.6886
43.1831
42.688
42.1913
41.698
41.2097
40.7255
44.8928
44.2699
43.6888
43.1832
42.6879
42.1913
41.698
41.2096
40.7255
40.2451
44.2676
43.689
43.1831
42.6877
42.1912
41.698
41.2096
40.7255
40.245
39.768
43.6889
43.183
42.6875
42.1911
41.698
41.2097
40.7255
40.245
39.768
39.2939
43.1828
42.6873
42.191
41.6979
41.2096
40.7255
40.2451
39.768
39.2939
38.8226
44.8898
44.2697
43.6892
43.1829
42.6873
44.8905
44.271
43.6892
43.183
42.6874
42.1909
44.8949
44.271
43.6889
43.1831
42.6877
42.191
41.6978
44.8949
44.2708
43.6886
43.1831
42.6879
42.1912
41.6979
41.2096
44.8905
44.271
43.6886
43.1831
42.688
42.1913
41.698
41.2097
40.7255
44.8898
44.271
43.6889
43.1831
42.688
42.1913
41.6981
41.2097
40.7256
40.2451
44.2697
43.6892
43.1831
42.6879
42.1913
41.6981
41.2097
40.7255
40.2451
39.768
43.6892
43.183
42.6877
42.1912
41.698
41.2097
40.7255
40.2451
39.768
39.2939
43.1829
42.6874
42.191
41.6979
41.2097
40.7256
40.2451
39.768
39.2939
38.8226
42.6873
42.1909
41.6978
41.2096
40.7255
40.2451
39.768
39.2939
38.8226
38.3537
44.8898
44.2708
43.6895
43.183
42.6873
42.1909
44.8939
44.271
43.6894
43.1831
42.6875
42.1909
41.6978
44.9021
44.27
43.6889
43.1831
42.6877
42.1911
41.6978
41.2095
44.8939
44.27
43.6888
43.1831
42.6879
42.1913
41.698
41.2096
40.7255
44.8898
44.271
43.6889
43.1831
42.688
42.1913
41.6981
41.2097
40.7256
40.2451
44.2708
43.6894
43.1831
42.6879
42.1913
41.6981
41.2097
40.7256
40.2451
39.768
43.6895
43.1831
42.6877
42.1913
41.6981
41.2097
40.7256
40.2451
39.768
39.294
43.183
42.6875
42.1911
41.698
41.2097
40.7256
40.2451
39.768
39.2939
38.8226
42.6873
42.1909
41.6978
41.2096
40.7256
40.2451
39.768
39.2939
38.8226
38.3537
42.1909
41.6978
41.2095
40.7255
40.2451
39.768
39.294
38.8226
38.3537
37.8871
44.8928
44.2708
43.6897
43.1832
42.6875
42.1909
41.6978
44.9016
44.2699
43.6894
43.1832
42.6877
42.191
41.6978
41.2095
44.9016
44.2694
43.6888
43.1831
42.6878
42.1912
41.6979
41.2095
40.7254
44.8928
44.2699
43.6888
43.1832
42.6879
42.1913
41.698
41.2096
40.7255
40.2451
44.2708
43.6894
43.1831
42.6879
42.1913
41.6981
41.2097
40.7256
40.2451
39.768
43.6897
43.1832
42.6878
42.1913
41.6981
41.2097
40.7256
40.2452
39.7681
39.294
43.1832
42.6877
42.1912
41.698
41.2097
40.7256
40.2452
39.768
39.294
38.8226
42.6875
42.191
41.6979
41.2096
40.7256
40.2452
39.768
39.2939
38.8226
38.3537
42.1909
41.6978
41.2095
40.7255
40.2451
39.7681
39.294
38.8226
38.3537
37.8871
41.6978
41.2095
40.7254
40.2451
39.768
39.294
38.8226
38.3537
37.8871
37.4226
44.8992
44.2697
43.6897
43.1833
42.6876
42.191
41.6978
41.2095
44.9112
44.2682
43.6892
43.1832
42.6878
42.1911
41.6978
41.2095
40.7254
44.8992
44.2682
43.6891
43.1831
42.6878
42.1912
41.698
41.2096
40.7254
40.245
44.2697
43.6892
43.1831
42.6879
42.1913
41.6981
41.2097
40.7255
40.2451
39.768
43.6897
43.1832
42.6878
42.1913
41.6981
41.2097
40.7256
40.2452
39.7681
39.294
43.1833
42.6878
42.1912
41.6981
41.2097
40.7256
40.2452
39.7681
39.294
38.8226
42.6876
42.1911
41.698
41.2097
40.7256
40.2452
39.7681
39.294
38.8226
38.3538
42.191
41.6978
41.2096
40.7255
40.2452
39.7681
39.294
38.8226
38.3537
37.8871
41.6978
41.2095
40.7254
40.2451
39.7681
39.294
38.8226
38.3537
37.8871
37.4226
41.2095
40.7254
40.245
39.768
39.294
38.8226
38.3538
37.8871
37.4226
36.9599
44.9089
44.2676
43.6895
43.1833
42.6877
42.1911
41.6978
41.2095
40.7254
44.9089
44.2674
43.689
43.1831
42.6878
42.1912
41.6979
41.2095
40.7254
40.245
44.2676
43.689
43.1831
42.6877
42.1912
41.698
41.2096
40.7255
40.245
39.768
43.6895
43.1831
42.6877
42.1913
41.6981
41.2097
40.7256
40.2451
39.768
39.294
43.1833
42.6878
42.1912
41.6981
41.2097
40.7256
40.2452
39.7681
39.294
38.8226
42.6877
42.1912
41.698
41.2097
40.7256
40.2452
39.7681
39.294
38.8226
38.3538
42.1911
41.6979
41.2096
40.7256
40.2452
39.7681
39.294
38.8226
38.3538
37.8872
41.6978
41.2095
40.7255
40.2451
39.7681
39.294
38.8226
38.3538
37.8871
37.4226
41.2095
40.7254
40.245
39.768
39.294
38.8226
38.3538
37.8871
37.4226
36.9599
40.7254
40.245
39.768
39.294
38.8226
38.3538
37.8872
37.4226
36.9599
36.499
44.9185
44.2655
43.6892
43.1832
42.6877
42.1912
41.6979
41.2095
40.7254
40.245
44.2655
43.6893
43.183
42.6877
42.1912
41.698
41.2096
40.7254
40.245
39.768
43.6892
43.183
42.6877
42.1912
41.698
41.2097
40.7255
40.2451
39.768
39.2939
43.1832
42.6877
42.1912
41.698
41.2097
40.7256
40.2452
39.768
39.294
38.8226
42.6877
42.1912
41.698
41.2097
40.7256
40.2452
39.7681
39.294
38.8226
38.3538
42.1912
41.698
41.2097
40.7256
40.2452
39.7681
39.294
38.8227
38.3538
37.8872
41.6979
41.2096
40.7255
40.2452
39.7681
39.294
38.8227
38.3538
37.8872
37.4226
41.2095
40.7254
40.2451
39.768
39.294
38.8227
38.3538
37.8871
37.4226
36.9599
40.7254
40.245
39.768
39.294
38.8226
38.3538
37.8872
37.4226
36.9599
36.499
40.245
39.768
39.2939
38.8226
38.3538
37.8872
37.4226
36.9599
36.499
36.0396
44.2647
43.6889
43.183
42.6876
42.1912
41.698
41.2096
40.7254
40.245
39.768
43.6889
43.183
42.6875
42.1911
41.698
41.2097
40.7255
40.245
39.768
39.2939
43.183
42.6875
42.1911
41.698
41.2097
40.7256
40.2451
39.768
39.2939
38.8226
42.6876
42.1911
41.698
41.2097
40.7256
40.2452
39.7681
39.294
38.8226
38.3538
42.1912
41.698
41.2097
40.7256
40.2452
39.7681
39.294
38.8227
38.3538
37.8872
41.698
41.2097
40.7256
40.2452
39.7681
39.294
38.8227
38.3538
37.8872
37.4226
41.2096
40.7255
40.2451
39.7681
39.294
38.8227
38.3538
37.8872
37.4226
36.9599
40.7254
40.245
39.768
39.294
38.8227
38.3538
37.8872
37.4226
36.9599
36.499
40.245
39.768
39.2939
38.8226
38.3538
37.8872
37.4226
36.9599
36.499
36.0396
39.768
39.2939
38.8226
38.3538
37.8872
37.4226
36.9599
36.499
36.0396
35.5817
43.6888
43.1829
42.6875
42.1911
41.698
41.2096
40.7255
40.245
39.768
39.2939
43.1829
42.6874
42.191
41.6979
41.2097
40.7256
40.2451
39.768
39.2939
38.8226
42.6875
42.191
41.6979
41.2096
40.7256
40.2452
39.768
39.2939
38.8226
38.3537
42.1911
41.6979
41.2096
40.7256
40.2452
39.7681
39.294
38.8226
38.3538
37.8872
41.698
41.2097
40.7256
40.2452
39.7681
39.294
38.8227
38.3538
37.8872
37.4226
41.2096
40.7256
40.2452
39.7681
39.294
38.8227
38.3538
37.8872
37.4226
36.9599
40.7255
40.2451
39.768
39.294
38.8227
38.3538
37.8872
37.4226
36.9599
36.499
40.245
39.768
39.2939
38.8226
38.3538
37.8872
37.4226
36.9599
36.499
36.0396
39.768
39.2939
38.8226
38.3538
37.8872
37.4226
36.9599
36.499
36.0396
35.5817
39.2939
38.8226
38.3537
37.8872
37.4226
36.9599
36.499
36.0396
35.5817
35.1251
43.1828
42.6873
42.191
41.6979
41.2096
40.7255
40.2451
39.768
39.2939
38.8226
42.6873
42.1909
41.6978
41.2096
40.7256
40.2451
39.768
39.2939
38.8226
38.3537
42.191
41.6978
41.2096
40.7255
40.2452
39.7681
39.294
38.8226
38.3537
37.8871
41.6979
41.2096
40.7255
40.2452
39.7681
39.294
38.8227
38.3538
37.8872
37.4226
41.2096
40.7256
40.2452
39.7681
39.294
38.8227
38.3538
37.8872
37.4226
36.9599
40.7255
40.2451
39.7681
39.294
38.8227
38.3538
37.8872
37.4226
36.9599
36.499
40.2451
39.768
39.294
38.8227
38.3538
37.8872
37.4226
36.9599
36.499
36.0396
39.768
39.2939
38.8226
38.3538
37.8872
37.4226
36.9599
36.499
36.0396
35.5817
39.2939
38.8226
38.3537
37.8872
37.4226
36.9599
36.499
36.0396
35.5817
35.1251
38.8226
38.3537
37.8871
37.4226
36.9599
36.499
36.0396
35.5817
35.1251
34.6697
42.6873
42.1909
41.6978
41.2096
40.7255
40.2451
39.768
39.2939
38.8226
38.3537
42.1909
41.6978
41.2095
40.7255
40.2451
39.7681
39.294
38.8226
38.3537
37.8871
41.6978
41.2095
40.7255
40.2451
39.7681
39.294
38.8226
38.3538
37.8871
37.4226
41.2096
40.7255
40.2451
39.7681
39.294
38.8227
38.3538
37.8872
37.4226
36.9599
40.7255
40.2451
39.7681
39.294
38.8227
38.3538
37.8872
37.4226
36.9599
36.499
40.2451
39.7681
39.294
38.8227
38.3538
37.8872
37.4226
36.9599
36.499
36.0396
39.768
39.294
38.8226
38.3538
37.8872
37.4226
36.9599
36.499
36.0396
35.5817
39.2939
38.8226
38.3538
37.8872
37.4226
36.9599
36.499
36.0396
35.5817
35.1251
38.8226
38.3537
37.8871
37.4226
36.9599
36.499
36.0396
35.5817
35.1251
34.6697
38.3537
37.8871
37.4226
36.9599
36.499
36.0396
35.5817
35.1251
34.6697
34.2155
42.1909
41.6978
41.2095
40.7255
40.2451
39.768
39.294
38.8226
38.3537
37.8871
41.6978
41.2095
40.7254
40.2451
39.7681
39.294
38.8226
38.3537
37.8871
37.4226
41.2095
40.7254
40.2451
39.768
39.294
38.8227
38.3538
37.8871
37.4226
36.9599
40.7255
40.2451
39.768
39.294
38.8227
38.3538
37.8872
37.4226
36.9599
36.499
40.2451
39.7681
39.294
38.8227
38.3538
37.8872
37.4226
36.9599
36.499
36.0396
39.768
39.294
38.8227
38.3538
37.8872
37.4226
36.96
36.499
36.0396
35.5817
39.294
38.8226
38.3538
37.8872
37.4226
36.96
36.499
36.0396
35.5817
35.1251
38.8226
38.3537
37.8871
37.4226
36.9599
36.499
36.0396
35.5817
35.1251
34.6697
38.3537
37.8871
37.4226
36.9599
36.499
36.0396
35.5817
35.1251
34.6697
34.2155
37.8871
37.4226
36.9599
36.499
36.0396
35.5817
35.1251
34.6697
34.2155
33.7624
41.6978
41.2095
40.7254
40.2451
39.768
39.294
38.8226
38.3537
37.8871
37.4226
41.2095
40.7254
40.245
39.768
39.294
38.8226
38.3538
37.8871
37.4226
36.9599
40.7254
40.245
39.768
39.294
38.8227
38.3538
37.8872
37.4226
36.9599
36.499
40.2451
39.768
39.294
38.8227
38.3538
37.8872
37.4226
36.9599
36.499
36.0396
39.768
39.294
38.8227
38.3538
37.8872
37.4226
36.96
36.499
36.0396
35.5817
39.294
38.8226
38.3538
37.8872
37.4226
36.96
36.499
36.0396
35.5817
35.1251
38.8226
38.3538
37.8872
37.4226
36.96
36.499
36.0396
35.5817
35.1251
34.6697
38.3537
37.8871
37.4226
36.9599
36.499
36.0396
35.5817
35.1251
34.6697
34.2155
37.8871
37.4226
36.9599
36.499
36.0396
35.5817
35.1251
34.6697
34.2155
33.7624
37.4226
36.9599
36.499
36.0396
35.5817
35.1251
34.6697
34.2155
33.7624
33.3102
41.2095
40.7254
40.245
39.768
39.294
38.8226
38.3538
37.8871
37.4226
36.9599
40.7254
40.245
39.768
39.294
38.8226
38.3538
37.8872
37.4226
36.9599
36.499
40.245
39.768
39.2939
38.8226
38.3538
37.8872
37.4226
36.9599
36.499
36.0396
39.768
39.294
38.8226
38.3538
37.8872
37.4226
36.9599
36.499
36.0396
35.5817
39.294
38.8226
38.3538
37.8872
37.4226
36.96
36.499
36.0396
35.5817
35.1251
38.8226
38.3538
37.8872
37.4226
36.96
36.499
36.0396
35.5817
35.1251
34.6697
38.3538
37.8872
37.4226
36.9599
36.499
36.0396
35.5817
35.1251
34.6697
34.2155
37.8871
37.4226
36.9599
36.499
36.0396
35.5817
35.1251
34.6697
34.2155
33.7624
37.4226
36.9599
36.499
36.0396
35.5817
35.1251
34.6697
34.2155
33.7624
33.3102
36.9599
36.499
36.0396
35.5817
35.1251
34.6697
34.2155
33.7624
33.3102
32.8589
40.7254
40.245
39.768
39.294
38.8226
38.3538
37.8872
37.4226
36.9599
36.499
40.245
39.768
39.2939
38.8226
38.3538
37.8872
37.4226
36.9599
36.499
36.0396
39.768
39.2939
38.8226
38.3538
37.8872
37.4226
36.9599
36.499
36.0396
35.5817
39.294
38.8226
38.3538
37.8872
37.4226
36.96
36.499
36.0396
35.5817
35.1251
38.8226
38.3538
37.8872
37.4226
36.96
36.499
36.0396
35.5817
35.1251
34.6697
38.3538
37.8872
37.4226
36.96
36.499
36.0396
35.5817
35.1251
34.6697
34.2155
37.8872
37.4226
36.9599
36.499
36.0396
35.5817
35.1251
34.6697
34.2155
33.7624
37.4226
36.9599
36.499
36.0396
35.5817
35.1251
34.6697
34.2155
33.7624
33.3102
36.9599
36.499
36.0396
35.5817
35.1251
34.6697
34.2155
33.7624
33.3102
32.8589
36.499
36.0396
35.5817
35.1251
34.6697
34.2155
33.7624
33.3102
32.8589
32.4085
40.245
39.768
39.2939
38.8226
38.3538
37.8872
37.4226
36.9599
36.499
36.0396
39.768
39.2939
38.8226
38.3538
37.8872
37.4226
36.9599
36.499
36.0396
35.5817
39.2939
38.8226
38.3538
37.8872
37.4226
36.9599
36.499
36.0396
35.5817
35.1251
38.8226
38.3538
37.8872
37.4226
36.96
36.499
36.0396
35.5817
35.1251
34.6697
38.3538
37.8872
37.4226
36.96
36.499
36.0396
35.5817
35.1251
34.6697
34.2155
37.8872
37.4226
36.9599
36.499
36.0396
35.5817
35.1251
34.6697
34.2155
33.7624
37.4226
36.9599
36.499
36.0396
35.5817
35.1251
34.6697
34.2155
33.7624
33.3102
36.9599
36.499
36.0396
35.5817
35.1251
34.6697
34.2155
33.7624
33.3102
32.8589
36.499
36.0396
35.5817
35.1251
34.6697
34.2155
33.7624
33.3102
32.8589
32.4085
36.0396
35.5817
35.1251
34.6697
34.2155
33.7624
33.3102
32.8589
32.4085
31.9589
39.768
39.2939
38.8226
38.3538
37.8872
37.4226
36.9599
36.499
36.0396
35.5817
39.2939
38.8226
38.3537
37.8872
37.4226
36.9599
36.499
36.0396
35.5817
35.1251
38.8226
38.3537
37.8871
37.4226
36.9599
36.499
36.0396
35.5817
35.1251
34.6697
38.3538
37.8872
37.4226
36.9599
36.499
36.0396
35.5817
35.1251
34.6697
34.2155
37.8872
37.4226
36.9599
36.499
36.0396
35.5817
35.1251
34.6697
34.2155
33.7624
37.4226
36.9599
36.499
36.0396
35.5817
35.1251
34.6697
34.2155
33.7624
33.3102
36.9599
36.499
36.0396
35.5817
35.1251
34.6697
34.2155
33.7624
33.3102
32.8589
36.499
36.0396
35.5817
35.1251
34.6697
34.2155
33.7624
33.3102
32.8589
32.4085
36.0396
35.5817
35.1251
34.6697
34.2155
33.7624
33.3102
32.8589
32.4085
31.9589
35.5817
35.1251
34.6697
34.2155
33.7624
33.3102
32.8589
32.4085
31.9589
31.51
39.2939
38.8226
38.3537
37.8872
37.4226
36.9599
36.499
36.0396
35.5817
35.1251
38.8226
38.3537
37.8871
37.4226
36.9599
36.499
36.0396
35.5817
35.1251
34.6697
38.3537
37.8871
37.4226
36.9599
36.499
36.0396
35.5817
35.1251
34.6697
34.2155
37.8872
37.4226
36.9599
36.499
36.0396
35.5817
35.1251
34.6697
34.2155
33.7624
37.4226
36.9599
36.499
36.0396
35.5817
35.1251
34.6697
34.2155
33.7624
33.3102
36.9599
36.499
36.0396
35.5817
35.1251
34.6698
34.2155
33.7624
33.3102
32.8589
36.499
36.0396
35.5817
35.1251
34.6697
34.2155
33.7624
33.3102
32.8589
32.4085
36.0396
35.5817
35.1251
34.6697
34.2155
33.7624
33.3102
32.8589
32.4085
31.9589
35.5817
35.1251
34.6697
34.2155
33.7624
33.3102
32.8589
32.4085
31.9589
31.51
35.1251
34.6697
34.2155
33.7624
33.3102
32.8589
32.4085
31.9589
31.51
31.0618
38.8226
38.3537
37.8871
37.4226
36.9599
36.499
36.0396
35.5817
35.1251
34.6697
38.3537
37.8871
37.4226
36.9599
36.499
36.0396
35.5817
35.1251
34.6697
34.2155
37.8871
37.4226
36.9599
36.499
36.0396
35.5817
35.1251
34.6697
34.2155
33.7624
37.4226
36.9599
36.499
36.0396
35.5817
35.1251
34.6697
34.2155
33.7624
33.3102
36.9599
36.499
36.0396
35.5817
35.1251
34.6698
34.2155
33.7624
33.3102
32.8589
36.499
36.0396
35.5817
35.1251
34.6698
34.2155
33.7624
33.3102
32.8589
32.4085
36.0396
35.5817
35.1251
34.6697
34.2155
33.7624
33.3102
32.8589
32.4085
31.9589
35.5817
35.1251
34.6697
34.2155
33.7624
33.3102
32.8589
32.4085
31.9589
31.51
35.1251
34.6697
34.2155
33.7624
33.3102
32.8589
32.4085
31.9589
31.51
31.0618
34.6697
34.2155
33.7624
33.3102
32.8589
32.4085
31.9589
31.51
31.0618
30.6142
38.3537
37.8871
37.4226
36.9599
36.499
36.0396
35.5817
35.1251
34.6697
34.2155
37.8871
37.4226
36.9599
36.499
36.0396
35.5817
35.1251
34.6697
34.2155
33.7624
37.4226
36.9599
36.499
36.0396
35.5817
35.1251
34.6697
34.2155
33.7624
33.3102
36.9599
36.499
36.0396
35.5817
35.1251
34.6697
34.2155
33.7624
33.3102
32.8589
36.499
36.0396
35.5817
35.1251
34.6698
34.2155
33.7624
33.3102
32.8589
32.4085
36.0396
35.5817
35.1251
34.6697
34.2155
33.7624
33.3102
32.8589
32.4085
31.9589
35.5817
35.1251
34.6697
34.2155
33.7624
33.3102
32.8589
32.4085
31.9589
31.51
35.1251
34.6697
34.2155
33.7624
33.3102
32.8589
32.4085
31.9589
31.51
31.0618
34.6697
34.2155
33.7624
33.3102
32.8589
32.4085
31.9589
31.51
31.0618
30.6142
34.2155
33.7624
33.3102
32.8589
32.4085
31.9589
31.51
31.0618
30.6142
30.1671
37.8871
37.4226
36.9599
36.499
36.0396
35.5817
35.1251
34.6697
34.2155
33.7624
37.4226
36.9599
36.499
36.0396
35.5817
35.1251
34.6697
34.2155
33.7624
33.3102
36.9599
36.499
36.0396
35.5817
35.1251
34.6697
34.2155
33.7624
33.3102
32.8589
36.499
36.0396
35.5817
35.1251
34.6697
34.2155
33.7624
33.3102
32.8589
32.4085
36.0396
35.5817
35.1251
34.6697
34.2155
33.7624
33.3102
32.8589
32.4085
31.9589
35.5817
35.1251
34.6697
34.2155
33.7624
33.3102
32.859
32.4085
31.9589
31.51
35.1251
34.6697
34.2155
33.7624
33.3102
32.859
32.4085
31.9589
31.51
31.0618
34.6697
34.2155
33.7624
33.3102
32.8589
32.4085
31.9589
31.51
31.0618
30.6142
34.2155
33.7624
33.3102
32.8589
32.4085
31.9589
31.51
31.0618
30.6142
30.1671
33.7624
33.3102
32.8589
32.4085
31.9589
31.51
31.0618
30.6142
30.1671
29.7207
37.4226
36.9599
36.499
36.0396
35.5817
35.1251
34.6697
34.2155
33.7624
33.3102
36.9599
36.499
36.0396
35.5817
35.1251
34.6697
34.2155
33.7624
33.3102
32.8589
36.499
36.0396
35.5817
35.1251
34.6697
34.2155
33.7624
33.3102
32.8589
32.4085
36.0396
35.5817
35.1251
34.6697
34.2155
33.7624
33.3102
32.8589
32.4085
31.9589
35.5817
35.1251
34.6697
34.2155
33.7624
33.3102
32.859
32.4085
31.9589
31.51
35.1251
34.6697
34.2155
33.7624
33.3102
32.859
32.4085
31.9589
31.51
31.0618
34.6697
34.2155
33.7624
33.3102
32.859
32.4085
31.9589
31.51
31.0618
30.6142
34.2155
33.7624
33.3102
32.8589
32.4085
31.9589
31.51
31.0618
30.6142
30.1671
33.7624
33.3102
32.8589
32.4085
31.9589
31.51
31.0618
30.6142
30.1671
29.7207
33.3102
32.8589
32.4085
31.9589
31.51
31.0618
30.6142
30.1671
29.7207
29.2747
36.9599
36.499
36.0396
35.5817
35.1251
34.6697
34.2155
33.7624
33.3102
32.8589
36.499
36.0396
35.5817
35.1251
34.6697
34.2155
33.7624
33.3102
32.8589
32.4085
36.0396
35.5817
35.1251
34.6697
34.2155
33.7624
33.3102
32.8589
32.4085
31.9589
35.5817
35.1251
34.6697
34.2155
33.7624
33.3102
32.8589
32.4085
31.9589
31.51
35.1251
34.6697
34.2155
33.7624
33.3102
32.859
32.4085
31.9589
31.51
31.0618
34.6697
34.2155
33.7624
33.3102
32.859
32.4085
31.9589
31.51
31.0618
30.6142
34.2155
33.7624
33.3102
32.8589
32.4085
31.9589
31.51
31.0618
30.6142
30.1671
33.7624
33.3102
32.8589
32.4085
31.9589
31.51
31.0618
30.6142
30.1671
29.7207
33.3102
32.8589
32.4085
31.9589
31.51
31.0618
30.6142
30.1671
29.7207
29.2747
32.8589
32.4085
31.9589
31.51
31.0618
30.6142
30.1671
29.7207
29.2747
28.8292
36.499
36.0396
35.5817
35.1251
34.6697
34.2155
33.7624
33.3102
32.8589
32.4085
36.0396
35.5817
35.1251
34.6697
34.2155
33.7624
33.3102
32.8589
32.4085
31.9589
35.5817
35.1251
34.6697
34.2155
33.7624
33.3102
32.8589
32.4085
31.9589
31.51
35.1251
34.6697
34.2155
33.7624
33.3102
32.859
32.4085
31.9589
31.51
31.0618
34.6697
34.2155
33.7624
33.3102
32.859
32.4085
31.9589
31.51
31.0618
30.6142
34.2155
33.7624
33.3102
32.859
32.4085
31.9589
31.51
31.0618
30.6142
30.1671
33.7624
33.3102
32.8589
32.4085
31.9589
31.51
31.0618
30.6142
30.1671
29.7207
33.3102
32.8589
32.4085
31.9589
31.51
31.0618
30.6142
30.1671
29.7207
29.2747
32.8589
32.4085
31.9589
31.51
31.0618
30.6142
30.1671
29.7207
29.2747
28.8292
32.4085
31.9589
31.51
31.0618
30.6142
30.1671
29.7207
29.2747
28.8292
28.3842
36.0396
35.5817
35.1251
34.6697
34.2155
33.7624
33.3102
32.8589
32.4085
31.9589
35.5817
35.1251
34.6697
34.2155
33.7624
33.3102
32.8589
32.4085
31.9589
31.51
35.1251
34.6697
34.2155
33.7624
33.3102
32.8589
32.4085
31.9589
31.51
31.0618
34.6697
34.2155
33.7624
33.3102
32.859
32.4085
31.9589
31.51
31.0618
30.6142
34.2155
33.7624
33.3102
32.859
32.4085
31.9589
31.51
31.0618
30.6142
30.1671
33.7624
33.3102
32.8589
32.4085
31.9589
31.51
31.0618
30.6142
30.1671
29.7207
33.3102
32.8589
32.4085
31.9589
31.51
31.0618
30.6142
30.1671
29.7207
29.2747
32.8589
32.4085
31.9589
31.51
31.0618
30.6142
30.1671
29.7207
29.2747
28.8292
32.4085
31.9589
31.51
31.0618
30.6142
30.1671
29.7207
29.2747
28.8292
28.3842
31.9589
31.51
31.0618
30.6142
30.1671
29.7207
29.2747
28.8292
28.3842
27.9396
35.5817
35.1251
34.6697
34.2155
33.7624
33.3102
32.8589
32.4085
31.9589
31.51
35.1251
34.6697
34.2155
33.7624
33.3102
32.8589
32.4085
31.9589
31.51
31.0618
34.6697
34.2155
33.7624
33.3102
32.8589
32.4085
31.9589
31.51
31.0618
30.6142
34.2155
33.7624
33.3102
32.8589
32.4085
31.9589
31.51
31.0618
30.6142
30.1671
33.7624
33.3102
32.8589
32.4085
31.9589
31.51
31.0618
30.6142
30.1671
29.7207
33.3102
32.8589
32.4085
31.9589
31.51
31.0618
30.6142
30.1671
29.7207
29.2747
32.8589
32.4085
31.9589
31.51
31.0618
30.6142
30.1671
29.7207
29.2747
28.8292
32.4085
31.9589
31.51
31.0618
30.6142
30.1671
29.7207
29.2747
28.8292
28.3842
31.9589
31.51
31.0618
30.6142
30.1671
29.7207
29.2747
28.8292
28.3842
27.9396
31.51
31.0618
30.6142
30.1671
29.7207
29.2747
28.8292
28.3842
27.9396
27.4953
35.1251
34.6697
34.2155
33.7624
33.3102
32.8589
32.4085
31.9589
31.51
31.0618
34.6697
34.2155
33.7624
33.3102
32.8589
32.4085
31.9589
31.51
31.0618
30.6142
34.2155
33.7624
33.3102
32.8589
32.4085
31.9589
31.51
31.0618
30.6142
30.1671
33.7624
33.3102
32.8589
32.4085
31.9589
31.51
31.0618
30.6142
30.1671
29.7207
33.3102
32.8589
32.4085
31.9589
31.51
31.0618
30.6142
30.1671
29.7207
29.2747
32.8589
32.4085
31.9589
31.51
31.0618
30.6142
30.1671
29.7207
29.2747
28.8292
32.4085
31.9589
31.51
31.0618
30.6142
30.1671
29.7207
29.2747
28.8292
28.3842
31.9589
31.51
31.0618
30.6142
30.1671
29.7207
29.2747
28.8292
28.3842
27.9396
31.51
31.0618
30.6142
30.1671
29.7207
29.2747
28.8292
28.3842
27.9396
27.4953
31.0618
30.6142
30.1671
29.7207
29.2747
28.8292
28.3842
27.9396
27.4953
27.0515
34.6697
34.2155
33.7624
33.3102
32.8589
32.4085
31.9589
31.51
31.0618
30.6142
34.2155
33.7624
33.3102
32.8589
32.4085
31.9589
31.51
31.0618
30.6142
30.1671
33.7624
33.3102
32.8589
32.4085
31.9589
31.51
31.0618
30.6142
30.1671
29.7207
33.3102
32.8589
32.4085
31.9589
31.51
31.0618
30.6142
30.1671
29.7207
29.2747
32.8589
32.4085
31.9589
31.51
31.0618
30.6142
30.1671
29.7207
29.2747
28.8292
32.4085
31.9589
31.51
31.0618
30.6142
30.1671
29.7207
29.2747
28.8292
28.3842
31.9589
31.51
31.0618
30.6142
30.1671
29.7207
29.2747
28.8292
28.3842
27.9396
31.51
31.0618
30.6142
30.1671
29.7207
29.2747
28.8292
28.3842
27.9396
27.4953
31.0618
30.6142
30.1671
29.7207
29.2747
28.8292
28.3842
27.9396
27.4953
27.0515
30.6142
30.1671
29.7207
29.2747
28.8292
28.3842
27.9396
27.4953
27.0515
26.6079
34.2155
33.7624
33.3102
32.8589
32.4085
31.9589
31.51
31.0618
30.6142
30.1671
33.7624
33.3102
32.8589
32.4085
31.9589
31.51
31.0618
30.6142
30.1671
29.7207
33.3102
32.8589
32.4085
31.9589
31.51
31.0618
30.6142
30.1671
29.7207
29.2747
32.8589
32.4085
31.9589
31.51
31.0618
30.6142
30.1671
29.7207
29.2747
28.8292
32.4085
31.9589
31.51
31.0618
30.6142
30.1671
29.7207
29.2747
28.8292
28.3842
31.9589
31.51
31.0618
30.6142
30.1671
29.7207
29.2747
28.8292
28.3842
27.9396
31.51
31.0618
30.6142
30.1671
29.7207
29.2747
28.8292
28.3842
27.9396
27.4953
31.0618
30.6142
30.1671
29.7207
29.2747
28.8292
28.3842
27.9396
27.4953
27.0515
30.6142
30.1671
29.7207
29.2747
28.8292
28.3842
27.9396
27.4953
27.0515
26.6079
30.1671
29.7207
29.2747
28.8292
28.3842
27.9396
27.4953
27.0515
26.6079
26.1647
33.7624
33.3102
32.8589
32.4085
31.9589
31.51
31.0618
30.6142
30.1671
29.7207
33.3102
32.8589
32.4085
31.9589
31.51
31.0618
30.6142
30.1671
29.7207
29.2747
32.8589
32.4085
31.9589
31.51
31.0618
30.6142
30.1671
29.7207
29.2747
28.8292
32.4085
31.9589
31.51
31.0618
30.6142
30.1671
29.7207
29.2747
28.8292
28.3842
31.9589
31.51
31.0618
30.6142
30.1671
29.7207
29.2747
28.8292
28.3842
27.9396
31.51
31.0618
30.6142
30.1671
29.7207
29.2747
28.8292
28.3842
27.9396
27.4953
31.0618
30.6142
30.1671
29.7207
29.2747
28.8292
28.3842
27.9396
27.4953
27.0515
30.6142
30.1671
29.7207
29.2747
28.8292
28.3842
27.9396
27.4953
27.0515
26.6079
30.1671
29.7207
29.2747
28.8292
28.3842
27.9396
27.4953
27.0515
26.6079
26.1647
29.7207
29.2747
28.8292
28.3842
27.9396
27.4953
27.0515
26.6079
26.1647
25.7218
33.3102
32.8589
32.4085
31.9589
31.51
31.0618
30.6142
30.1671
29.7207
29.2747
32.8589
32.4085
31.9589
31.51
31.0618
30.6142
30.1671
29.7207
29.2747
28.8292
32.4085
31.9589
31.51
31.0618
30.6142
30.1671
29.7207
29.2747
28.8292
28.3842
31.9589
31.51
31.0618
30.6142
30.1671
29.7207
29.2747
28.8292
28.3842
27.9396
31.51
31.0618
30.6142
30.1671
29.7207
29.2747
28.8292
28.3842
27.9396
27.4953
31.0618
30.6142
30.1671
29.7207
29.2747
28.8292
28.3842
27.9396
27.4953
27.0515
30.6142
30.1671
29.7207
29.2747
28.8292
28.3842
27.9396
27.4953
27.0515
26.6079
30.1671
29.7207
29.2747
28.8292
28.3842
27.9396
27.4953
27.0515
26.6079
26.1647
29.7207
29.2747
28.8292
28.3842
27.9396
27.4953
27.0515
26.6079
26.1647
25.7218
29.2747
28.8292
28.3842
27.9396
27.4953
27.0515
26.6079
26.1647
25.7218
25.2791
32.8589
32.4085
31.9589
31.51
31.0618
30.6142
30.1671
29.7207
29.2747
28.8292
32.4085
31.9589
31.51
31.0618
30.6142
30.1671
29.7207
29.2747
28.8292
28.3842
31.9589
31.51
31.0618
30.6142
30.1671
29.7207
29.2747
28.8292
28.3842
27.9396
31.51
31.0618
30.6142
30.1671
29.7207
29.2747
28.8292
28.3842
27.9396
27.4953
31.0618
30.6142
30.1671
29.7207
29.2747
28.8292
28.3842
27.9396
27.4953
27.0515
30.6142
30.1671
29.7207
29.2747
28.8292
28.3842
27.9396
27.4953
27.0515
26.6079
30.1671
29.7207
29.2747
28.8292
28.3842
27.9396
27.4953
27.0515
26.6079
26.1647
29.7207
29.2747
28.8292
28.3842
27.9396
27.4953
27.0515
26.6079
26.1647
25.7218
29.2747
28.8292
28.3842
27.9396
27.4953
27.0515
26.6079
26.1647
25.7218
25.2791
28.8292
28.3842
27.9396
27.4953
27.0515
26.6079
26.1647
25.7218
25.2791
24.8367
32.4085
31.9589
31.51
31.0618
30.6142
30.1671
29.7207
29.2747
28.8292
28.3842
31.9589
31.51
31.0618
30.6142
30.1671
29.7207
29.2747
28.8292
28.3842
27.9396
31.51
31.0618
30.6142
30.1671
29.7207
29.2747
28.8292
28.3842
27.9396
27.4953
31.0618
30.6142
30.1671
29.7207
29.2747
28.8292
28.3842
27.9396
27.4953
27.0515
30.6142
30.1671
29.7207
29.2747
28.8292
28.3842
27.9396
27.4953
27.0515
26.6079
30.1671
29.7207
29.2747
28.8292
28.3842
27.9396
27.4953
27.0515
26.6079
26.1647
29.7207
29.2747
28.8292
28.3842
27.9396
27.4953
27.0515
26.6079
26.1647
25.7218
29.2747
28.8292
28.3842
27.9396
27.4953
27.0515
26.6079
26.1647
25.7218
25.2791
28.8292
28.3842
27.9396
27.4953
27.0515
26.6079
26.1647
25.7218
25.2791
24.8367
28.3842
27.9396
27.4953
27.0515
26.6079
26.1647
25.7218
25.2791
24.8367
24.3946
31.9589
31.51
31.0618
30.6142
30.1671
29.7207
29.2747
28.8292
28.3842
27.9396
31.51
31.0618
30.6142
30.1671
29.7207
29.2747
28.8292
28.3842
27.9396
27.4953
31.0618
30.6142
30.1671
29.7207
29.2747
28.8292
28.3842
27.9396
27.4953
27.0515
30.6142
30.1671
29.7207
29.2747
28.8292
28.3842
27.9396
27.4953
27.0515
26.6079
30.1671
29.7207
29.2747
28.8292
28.3842
27.9396
27.4953
27.0515
26.6079
26.1647
29.7207
29.2747
28.8292
28.3842
27.9396
27.4954
27.0515
26.6079
26.1647
25.7218
29.2747
28.8292
28.3842
27.9396
27.4953
27.0515
26.6079
26.1647
25.7218
25.2791
28.8292
28.3842
27.9396
27.4953
27.0515
26.6079
26.1647
25.7218
25.2791
24.8367
28.3842
27.9396
27.4953
27.0515
26.6079
26.1647
25.7218
25.2791
24.8367
24.3946
27.9396
27.4953
27.0515
26.6079
26.1647
25.7218
25.2791
24.8367
24.3946
23.9527
31.51
31.0618
30.6142
30.1671
29.7207
29.2747
28.8292
28.3842
27.9396
27.4953
31.0618
30.6142
30.1671
29.7207
29.2747
28.8292
28.3842
27.9396
27.4953
27.0515
30.6142
30.1671
29.7207
29.2747
28.8292
28.3842
27.9396
27.4953
27.0515
26.6079
30.1671
29.7207
29.2747
28.8292
28.3842
27.9396
27.4953
27.0515
26.6079
26.1647
29.7207
29.2747
28.8292
28.3842
27.9396
27.4954
27.0515
26.6079
26.1647
25.7218
29.2747
28.8292
28.3842
27.9396
27.4954
27.0515
26.6079
26.1647
25.7218
25.2791
28.8292
28.3842
27.9396
27.4953
27.0515
26.6079
26.1647
25.7218
25.2791
24.8367
28.3842
27.9396
27.4953
27.0515
26.6079
26.1647
25.7218
25.2791
24.8367
24.3946
27.9396
27.4953
27.0515
26.6079
26.1647
25.7218
25.2791
24.8367
24.3946
23.9527
27.4953
27.0515
26.6079
26.1647
25.7218
25.2791
24.8367
24.3946
23.9527
23.5109
31.0618
30.6142
30.1671
29.7207
29.2747
28.8292
28.3842
27.9396
27.4953
27.0515
30.6142
30.1671
29.7207
29.2747
28.8292
28.3842
27.9396
27.4953
27.0515
26.6079
30.1671
29.7207
29.2747
28.8292
28.3842
27.9396
27.4953
27.0515
26.6079
26.1647
29.7207
29.2747
28.8292
28.3842
27.9396
27.4953
27.0515
26.6079
26.1647
25.7218
29.2747
28.8292
28.3842
27.9396
27.4954
27.0515
26.6079
26.1647
25.7218
25.2791
28.8292
28.3842
27.9396
27.4953
27.0515
26.6079
26.1647
25.7218
25.2791
24.8367
28.3842
27.9396
27.4953
27.0515
26.6079
26.1647
25.7218
25.2791
24.8367
24.3946
27.9396
27.4953
27.0515
26.6079
26.1647
25.7218
25.2791
24.8367
24.3946
23.9527
27.4953
27.0515
26.6079
26.1647
25.7218
25.2791
24.8367
24.3946
23.9527
23.5109
27.0515
26.6079
26.1647
25.7218
25.2791
24.8367
24.3946
23.9527
23.5109
23.0694
30.6142
30.1671
29.7207
29.2747
28.8292
28.3842
27.9396
27.4953
27.0515
26.6079
30.1671
29.7207
29.2747
28.8292
28.3842
27.9396
27.4953
27.0515
26.6079
26.1647
29.7207
29.2747
28.8292
28.3842
27.9396
27.4953
27.0515
26.6079
26.1647
25.7218
29.2747
28.8292
28.3842
27.9396
27.4953
27.0515
26.6079
26.1647
25.7218
25.2791
28.8292
28.3842
27.9396
27.4953
27.0515
26.6079
26.1647
25.7218
25.2791
24.8367
28.3842
27.9396
27.4953
27.0515
26.6079
26.1647
25.7218
25.2791
24.8367
24.3946
27.9396
27.4953
27.0515
26.6079
26.1647
25.7218
25.2791
24.8367
24.3946
23.9526
27.4953
27.0515
26.6079
26.1647
25.7218
25.2791
24.8367
24.3946
23.9527
23.5109
27.0515
26.6079
26.1647
25.7218
25.2791
24.8367
24.3946
23.9527
23.5109
23.0694
26.6079
26.1647
25.7218
25.2791
24.8367
24.3946
23.9526
23.5109
23.0694
22.6281
30.1671
29.7207
29.2747
28.8292
28.3842
27.9396
27.4953
27.0515
26.6079
26.1647
29.7207
29.2747
28.8292
28.3842
27.9396
27.4953
27.0515
26.6079
26.1647
25.7218
29.2747
28.8292
28.3842
27.9396
27.4953
27.0515
26.6079
26.1647
25.7218
25.2791
28.8292
28.3842
27.9396
27.4953
27.0515
26.6079
26.1647
25.7218
25.2791
24.8367
28.3842
27.9396
27.4953
27.0515
26.6079
26.1647
25.7218
25.2791
24.8367
24.3946
27.9396
27.4953
27.0515
26.6079
26.1647
25.7218
25.2791
24.8367
24.3946
23.9526
27.4953
27.0515
26.6079
26.1647
25.7218
25.2791
24.8367
24.3946
23.9527
23.5109
27.0515
26.6079
26.1647
25.7218
25.2791
24.8367
24.3946
23.9527
23.5109
23.0694
26.6079
26.1647
25.7218
25.2791
24.8367
24.3946
23.9527
23.5109
23.0694
22.6281
26.1647
25.7218
25.2791
24.8367
24.3946
23.9526
23.5109
23.0694
22.6281
22.1869
29.7207
29.2747
28.8292
28.3842
27.9396
27.4953
27.0515
26.6079
26.1647
25.7218
29.2747
28.8292
28.3842
27.9396
27.4953
27.0515
26.6079
26.1647
25.7218
25.2791
28.8292
28.3842
27.9396
27.4953
27.0515
26.6079
26.1647
25.7218
25.2791
24.8367
28.3842
27.9396
27.4953
27.0515
26.6079
26.1647
25.7218
25.2791
24.8367
24.3946
27.9396
27.4953
27.0515
26.6079
26.1647
25.7218
25.2791
24.8367
24.3946
23.9526
27.4953
27.0515
26.6079
26.1647
25.7218
25.2791
24.8367
24.3946
23.9527
23.5109
27.0515
26.6079
26.1647
25.7218
25.2791
24.8367
24.3946
23.9527
23.5109
23.0694
26.6079
26.1647
25.7218
25.2791
24.8367
24.3946
23.9527
23.5109
23.0694
22.6281
26.1647
25.7218
25.2791
24.8367
24.3946
23.9527
23.5109
23.0694
22.6281
22.1869
25.7218
25.2791
24.8367
24.3946
23.9526
23.5109
23.0694
22.6281
22.1869
21.7459
29.2747
28.8292
28.3842
27.9396
27.4953
27.0515
26.6079
26.1647
25.7218
25.2791
28.8292
28.3842
27.9396
27.4953
27.0515
26.6079
26.1647
25.7218
25.2791
24.8367
28.3842
27.9396
27.4953
27.0515
26.6079
26.1647
25.7218
25.2791
24.8367
24.3946
27.9396
27.4953
27.0515
26.6079
26.1647
25.7218
25.2791
24.8367
24.3946
23.9526
27.4953
27.0515
26.6079
26.1647
25.7218
25.2791
24.8367
24.3946
23.9527
23.5109
27.0515
26.6079
26.1647
25.7218
25.2791
24.8367
24.3946
23.9527
23.5109
23.0694
26.6079
26.1647
25.7218
25.2791
24.8367
24.3946
23.9527
23.5109
23.0694
22.6281
26.1647
25.7218
25.2791
24.8367
24.3946
23.9527
23.5109
23.0694
22.6281
22.1869
25.7218
25.2791
24.8367
24.3946
23.9527
23.5109
23.0694
22.6281
22.1869
21.7459
25.2791
24.8367
24.3946
23.9526
23.5109
23.0694
22.6281
22.1869
21.7459
21.305
28.8292
28.3842
27.9396
27.4953
27.0515
26.6079
26.1647
25.7218
25.2791
24.8367
28.3842
27.9396
27.4953
27.0515
26.6079
26.1647
25.7218
25.2791
24.8367
24.3946
27.9396
27.4953
27.0515
26.6079
26.1647
25.7218
25.2791
24.8367
24.3946
23.9527
27.4953
27.0515
26.6079
26.1647
25.7218
25.2791
24.8367
24.3946
23.9527
23.5109
27.0515
26.6079
26.1647
25.7218
25.2791
24.8367
24.3946
23.9527
23.5109
23.0694
26.6079
26.1647
25.7218
25.2791
24.8367
24.3946
23.9527
23.5109
23.0694
22.6281
26.1647
25.7218
25.2791
24.8367
24.3946
23.9527
23.5109
23.0694
22.6281
22.1869
25.7218
25.2791
24.8367
24.3946
23.9527
23.5109
23.0694
22.6281
22.1869
21.7459
25.2791
24.8367
24.3946
23.9527
23.5109
23.0694
22.6281
22.1869
21.7459
21.305
24.8367
24.3946
23.9527
23.5109
23.0694
22.6281
22.1869
21.7459
21.305
20.8643
28.3842
27.9396
27.4953
27.0515
26.6079
26.1647
25.7218
25.2791
24.8367
24.3946
27.9396
27.4953
27.0515
26.6079
26.1647
25.7218
25.2791
24.8367
24.3946
23.9527
27.4953
27.0515
26.6079
26.1647
25.7218
25.2791
24.8367
24.3946
23.9527
23.5109
27.0515
26.6079
26.1647
25.7218
25.2791
24.8367
24.3946
23.9527
23.5109
23.0694
26.6079
26.1647
25.7218
25.2791
24.8367
24.3946
23.9527
23.5109
23.0694
22.6281
26.1647
25.7218
25.2791
24.8367
24.3946
23.9527
23.5109
23.0694
22.6281
22.1869
25.7218
25.2791
24.8367
24.3946
23.9527
23.5109
23.0694
22.6281
22.1869
21.7459
25.2791
24.8367
24.3946
23.9527
23.5109
23.0694
22.6281
22.1869
21.7459
21.305
24.8367
24.3946
23.9527
23.5109
23.0694
22.6281
22.1869
21.7459
21.305
20.8643
24.3946
23.9527
23.5109
23.0694
22.6281
22.1869
21.7459
21.305
20.8643
20.4238
27.9396
27.4953
27.0515
26.6079
26.1647
25.7218
25.2791
24.8367
24.3946
23.9527
27.4953
27.0515
26.6079
26.1647
25.7218
25.2791
24.8367
24.3946
23.9527
23.5109
27.0515
26.6079
26.1647
25.7218
25.2791
24.8367
24.3946
23.9527
23.5109
23.0694
26.6079
26.1647
25.7218
25.2791
24.8367
24.3946
23.9527
23.5109
23.0694
22.6281
26.1647
25.7218
25.2791
24.8367
24.3946
23.9527
23.5109
23.0694
22.6281
22.1869
25.7218
25.2791
24.8367
24.3946
23.9527
23.5109
23.0694
22.6281
22.1869
21.7459
25.2791
24.8367
24.3946
23.9527
23.5109
23.0694
22.6281
22.1869
21.7459
21.305
24.8367
24.3946
23.9527
23.5109
23.0694
22.6281
22.1869
21.7459
21.305
20.8643
24.3946
23.9527
23.5109
23.0694
22.6281
22.1869
21.7459
21.305
20.8643
20.4238
23.9527
23.5109
23.0694
22.6281
22.1869
21.7459
21.305
20.8643
20.4238
19.9833
27.4953
27.0515
26.6079
26.1647
25.7218
25.2791
24.8367
24.3946
23.9527
23.5109
27.0515
26.6079
26.1647
25.7218
25.2791
24.8367
24.3946
23.9527
23.5109
23.0694
26.6079
26.1647
25.7218
25.2791
24.8367
24.3946
23.9527
23.5109
23.0694
22.6281
26.1647
25.7218
25.2791
24.8367
24.3946
23.9527
23.5109
23.0694
22.6281
22.1869
25.7218
25.2791
24.8367
24.3946
23.9527
23.5109
23.0694
22.6281
22.1869
21.7459
25.2791
24.8367
24.3946
23.9527
23.5109
23.0694
22.6281
22.1869
21.7459
21.305
24.8367
24.3946
23.9527
23.5109
23.0694
22.6281
22.1869
21.7459
21.305
20.8643
24.3946
23.9527
23.5109
23.0694
22.6281
22.1869
21.7459
21.305
20.8643
20.4238
23.9527
23.5109
23.0694
22.6281
22.1869
21.7459
21.305
20.8643
20.4238
19.9833
23.5109
23.0694
22.6281
22.1869
21.7459
21.305
20.8643
20.4238
19.9833
19.543
27.0515
26.6079
26.1647
25.7218
25.2791
24.8367
24.3946
23.9527
23.5109
23.0694
26.6079
26.1647
25.7218
25.2791
24.8367
24.3946
23.9527
23.5109
23.0694
22.6281
26.1647
25.7218
25.2791
24.8367
24.3946
23.9527
23.5109
23.0694
22.6281
22.1869
25.7218
25.2791
24.8367
24.3946
23.9527
23.5109
23.0694
22.6281
22.1869
21.7459
25.2791
24.8367
24.3946
23.9527
23.5109
23.0694
22.6281
22.1869
21.7459
21.305
24.8367
24.3946
23.9527
23.5109
23.0694
22.6281
22.1869
21.7459
21.305
20.8643
24.3946
23.9527
23.5109
23.0694
22.6281
22.1869
21.7459
21.305
20.8643
20.4238
23.9527
23.5109
23.0694
22.6281
22.1869
21.7459
21.305
20.8643
20.4238
19.9833
23.5109
23.0694
22.6281
22.1869
21.7459
21.305
20.8643
20.4238
19.9833
19.543
23.0694
22.6281
22.1869
21.7459
21.305
20.8643
20.4238
19.9833
19.543
19.1027
26.6079
26.1647
25.7218
25.2791
24.8367
24.3946
23.9526
23.5109
23.0694
22.6281
26.1647
25.7218
25.2791
24.8367
24.3946
23.9527
23.5109
23.0694
22.6281
22.1869
25.7218
25.2791
24.8367
24.3946
23.9527
23.5109
23.0694
22.6281
22.1869
21.7459
25.2791
24.8367
24.3946
23.9527
23.5109
23.0694
22.6281
22.1869
21.7459
21.305
24.8367
24.3946
23.9527
23.5109
23.0694
22.6281
22.1869
21.7459
21.305
20.8643
24.3946
23.9527
23.5109
23.0694
22.6281
22.1869
21.7459
21.305
20.8643
20.4238
23.9526
23.5109
23.0694
22.6281
22.1869
21.7459
21.305
20.8643
20.4238
19.9833
23.5109
23.0694
22.6281
22.1869
21.7459
21.305
20.8643
20.4238
19.9833
19.543
23.0694
22.6281
22.1869
21.7459
21.305
20.8643
20.4238
19.9833
19.543
19.1027
22.6281
22.1869
21.7459
21.305
20.8643
20.4238
19.9833
19.543
19.1027
18.6626
26.1647
25.7218
25.2791
24.8367
24.3946
23.9526
23.5109
23.0694
22.6281
22.1869
25.7218
25.2791
24.8367
24.3946
23.9527
23.5109
23.0694
22.6281
22.1869
21.7459
25.2791
24.8367
24.3946
23.9527
23.5109
23.0694
22.6281
22.1869
21.7459
21.305
24.8367
24.3946
23.9527
23.5109
23.0694
22.6281
22.1869
21.7459
21.305
20.8643
24.3946
23.9527
23.5109
23.0694
22.6281
22.1869
21.7459
21.305
20.8643
20.4238
23.9526
23.5109
23.0694
22.6281
22.1869
21.7459
21.305
20.8643
20.4238
19.9833
23.5109
23.0694
22.6281
22.1869
21.7459
21.305
20.8643
20.4238
19.9833
19.543
23.0694
22.6281
22.1869
21.7459
21.305
20.8643
20.4238
19.9833
19.543
19.1027
22.6281
22.1869
21.7459
21.305
20.8643
20.4238
19.9833
19.543
19.1027
18.6626
22.1869
21.7459
21.305
20.8643
20.4238
19.9833
19.543
19.1027
18.6626
18.2226
25.7218
25.2791
24.8367
24.3946
23.9526
23.5109
23.0694
22.6281
22.1869
21.7459
25.2791
24.8367
24.3946
23.9527
23.5109
23.0694
22.6281
22.1869
21.7459
21.305
24.8367
24.3946
23.9527
23.5109
23.0694
22.6281
22.1869
21.7459
21.305
20.8643
24.3946
23.9527
23.5109
23.0694
22.6281
22.1869
21.7459
21.305
20.8643
20.4238
23.9526
23.5109
23.0694
22.6281
22.1869
21.7459
21.305
20.8643
20.4238
19.9833
23.5109
23.0694
22.6281
22.1869
21.7459
21.305
20.8643
20.4238
19.9833
19.543
23.0694
22.6281
22.1869
21.7459
21.305
20.8643
20.4238
19.9833
19.543
19.1027
22.6281
22.1869
21.7459
21.305
20.8643
20.4238
19.9833
19.543
19.1027
18.6626
22.1869
21.7459
21.305
20.8643
20.4238
19.9833
19.543
19.1027
18.6626
18.2226
21.7459
21.305
20.8643
20.4238
19.9833
19.543
19.1027
18.6626
18.2226
17.7826
25.2791
24.8367
24.3946
23.9526
23.5109
23.0694
22.6281
22.1869
21.7459
21.305
24.8367
24.3946
23.9527
23.5109
23.0694
22.6281
22.1869
21.7459
21.305
20.8643
24.3946
23.9527
23.5109
23.0694
22.6281
22.1869
21.7459
21.305
20.8643
20.4238
23.9526
23.5109
23.0694
22.6281
22.1869
21.7459
21.305
20.8643
20.4238
19.9833
23.5109
23.0694
22.6281
22.1869
21.7459
21.305
20.8643
20.4238
19.9833
19.543
23.0694
22.6281
22.1869
21.7459
21.305
20.8643
20.4238
19.9833
19.543
19.1027
22.6281
22.1869
21.7459
21.305
20.8643
20.4238
19.9833
19.543
19.1027
18.6626
22.1869
21.7459
21.305
20.8643
20.4238
19.9833
19.543
19.1027
18.6626
18.2226
21.7459
21.305
20.8643
20.4238
19.9833
19.543
19.1027
18.6626
18.2226
17.7826
21.305
20.8643
20.4238
19.9833
19.543
19.1027
18.6626
18.2226
17.7826
17.3428
24.8367
24.3946
23.9527
23.5109
23.0694
22.6281
22.1869
21.7459
21.305
20.8643
24.3946
23.9527
23.5109
23.0694
22.6281
22.1869
21.7459
21.305
20.8643
20.4238
23.9527
23.5109
23.0694
22.6281
22.1869
21.7459
21.305
20.8643
20.4238
19.9833
23.5109
23.0694
22.6281
22.1869
21.7459
21.305
20.8643
20.4238
19.9833
19.543
23.0694
22.6281
22.1869
21.7459
21.305
20.8643
20.4238
19.9833
19.543
19.1027
22.6281
22.1869
21.7459
21.305
20.8643
20.4238
19.9833
19.543
19.1027
18.6626
22.1869
21.7459
21.305
20.8643
20.4238
19.9833
19.543
19.1027
18.6626
18.2226
21.7459
21.305
20.8643
20.4238
19.9833
19.543
19.1027
18.6626
18.2226
17.7826
21.305
20.8643
20.4238
19.9833
19.543
19.1027
18.6626
18.2226
17.7826
17.3428
20.8643
20.4238
19.9833
19.543
19.1027
18.6626
18.2226
17.7826
17.3428
16.903
24.3946
23.9527
23.5109
23.0694
22.6281
22.1869
21.7459
21.305
20.8643
20.4238
23.9527
23.5109
23.0694
22.6281
22.1869
21.7459
21.305
20.8643
20.4238
19.9833
23.5109
23.0694
22.6281
22.1869
21.7459
21.305
20.8643
20.4238
19.9833
19.543
23.0694
22.6281
22.1869
21.7459
21.305
20.8643
20.4238
19.9833
19.543
19.1027
22.6281
22.1869
21.7459
21.305
20.8643
20.4238
19.9833
19.543
19.1027
18.6626
22.1869
21.7459
21.305
20.8643
20.4238
19.9833
19.543
19.1027
18.6626
18.2226
21.7459
21.305
20.8643
20.4238
19.9833
19.543
19.1027
18.6626
18.2226
17.7826
21.305
20.8643
20.4238
19.9833
19.543
19.1027
18.6626
18.2226
17.7826
17.3428
20.8643
20.4238
19.9833
19.543
19.1027
18.6626
18.2226
17.7826
17.3428
16.903
20.4238
19.9833
19.543
19.1027
18.6626
18.2226
17.7826
17.3428
16.903
16.4633
23.9527
23.5109
23.0694
22.6281
22.1869
21.7459
21.305
20.8643
20.4238
19.9833
23.5109
23.0694
22.6281
22.1869
21.7459
21.305
20.8643
20.4238
19.9833
19.543
23.0694
22.6281
22.1869
21.7459
21.305
20.8643
20.4238
19.9833
19.543
19.1027
22.6281
22.1869
21.7459
21.305
20.8643
20.4238
19.9833
19.543
19.1027
18.6626
22.1869
21.7459
21.305
20.8643
20.4238
19.9833
19.543
19.1027
18.6626
18.2226
21.7459
21.305
20.8643
20.4238
19.9833
19.543
19.1027
18.6626
18.2226
17.7826
21.305
20.8643
20.4238
19.9833
19.543
19.1027
18.6626
18.2226
17.7826
17.3428
20.8643
20.4238
19.9833
19.543
19.1027
18.6626
18.2226
17.7826
17.3428
16.903
20.4238
19.9833
19.543
19.1027
18.6626
18.2226
17.7826
17.3428
16.903
16.4633
19.9833
19.543
19.1027
18.6626
18.2226
17.7826
17.3428
16.903
16.4633
16.0236
23.5109
23.0694
22.6281
22.1869
21.7459
21.305
20.8643
20.4238
19.9833
19.543
23.0694
22.6281
22.1869
21.7459
21.305
20.8643
20.4238
19.9833
19.543
19.1027
22.6281
22.1869
21.7459
21.305
20.8643
20.4238
19.9833
19.543
19.1027
18.6626
22.1869
21.7459
21.305
20.8643
20.4238
19.9833
19.543
19.1027
18.6626
18.2226
21.7459
21.305
20.8643
20.4238
19.9833
19.543
19.1027
18.6626
18.2226
17.7826
21.305
20.8643
20.4238
19.9833
19.543
19.1027
18.6626
18.2226
17.7826
17.3428
20.8643
20.4238
19.9833
19.543
19.1027
18.6626
18.2226
17.7826
17.3428
16.903
20.4238
19.9833
19.543
19.1027
18.6626
18.2226
17.7826
17.3428
16.903
16.4633
19.9833
19.543
19.1027
18.6626
18.2226
17.7826
17.3428
16.903
16.4633
16.0236
19.543
19.1027
18.6626
18.2226
17.7826
17.3428
16.903
16.4633
16.0236
15.584
23.0694
22.6281
22.1869
21.7459
21.305
20.8643
20.4238
19.9833
19.543
19.1027
22.6281
22.1869
21.7459
21.305
20.8643
20.4238
19.9833
19.543
19.1027
18.6626
22.1869
21.7459
21.305
20.8643
20.4238
19.9833
19.543
19.1027
18.6626
18.2226
21.7459
21.305
20.8643
20.4238
19.9833
19.543
19.1027
18.6626
18.2226
17.7826
21.305
20.8643
20.4238
19.9833
19.543
19.1027
18.6626
18.2226
17.7826
17.3428
20.8643
20.4238
19.9833
19.543
19.1027
18.6626
18.2226
17.7826
17.3428
16.903
20.4238
19.9833
19.543
19.1027
18.6626
18.2226
17.7826
17.3428
16.903
16.4633
19.9833
19.543
19.1027
18.6626
18.2226
17.7826
17.3428
16.903
16.4633
16.0236
19.543
19.1027
18.6626
18.2226
17.7826
17.3428
16.903
16.4633
16.0236
15.584
19.1027
18.6626
18.2226
17.7826
17.3428
16.903
16.4633
16.0236
15.584
15.1445
22.6281
22.1869
21.7459
21.305
20.8643
20.4238
19.9833
19.543
19.1027
18.6626
22.1869
21.7459
21.305
20.8643
20.4238
19.9833
19.543
19.1027
18.6626
18.2226
21.7459
21.305
20.8643
20.4238
19.9833
19.543
19.1027
18.6626
18.2226
17.7826
21.305
20.8643
20.4238
19.9833
19.543
19.1027
18.6626
18.2226
17.7826
17.3428
20.8643
20.4238
19.9833
19.543
19.1027
18.6626
18.2226
17.7826
17.3428
16.903
20.4238
19.9833
19.543
19.1027
18.6626
18.2226
17.7826
17.3428
16.903
16.4633
19.9833
19.543
19.1027
18.6626
18.2226
17.7826
17.3428
16.903
16.4633
16.0236
19.543
19.1027
18.6626
18.2226
17.7826
17.3428
16.903
16.4633
16.0236
15.584
19.1027
18.6626
18.2226
17.7826
17.3428
16.903
16.4633
16.0236
15.584
15.1445
18.6626
18.2226
17.7826
17.3428
16.903
16.4633
16.0236
15.584
15.1445
14.7051
22.1869
21.7459
21.305
20.8643
20.4238
19.9833
19.543
19.1027
18.6626
18.2226
21.7459
21.305
20.8643
20.4238
19.9833
19.543
19.1027
18.6626
18.2226
17.7826
21.305
20.8643
20.4238
19.9833
19.543
19.1027
18.6626
18.2226
17.7826
17.3428
20.8643
20.4238
19.9833
19.543
19.1027
18.6626
18.2226
17.7826
17.3428
16.903
20.4238
19.9833
19.543
19.1027
18.6626
18.2226
17.7826
17.3428
16.903
16.4633
19.9833
19.543
19.1027
18.6626
18.2226
17.7826
17.3428
16.903
16.4633
16.0236
19.543
19.1027
18.6626
18.2226
17.7826
17.3428
16.903
16.4633
16.0236
15.584
19.1027
18.6626
18.2226
17.7826
17.3428
16.903
16.4633
16.0236
15.584
15.1445
18.6626
18.2226
17.7826
17.3428
16.903
16.4633
16.0236
15.584
15.1445
14.7051
18.2226
17.7826
17.3428
16.903
16.4633
16.0236
15.584
15.1445
14.7051
14.2656
21.7459
21.305
20.8643
20.4238
19.9833
19.543
19.1027
18.6626
18.2226
17.7826
21.305
20.8643
20.4238
19.9833
19.543
19.1027
18.6626
18.2226
17.7826
17.3428
20.8643
20.4238
19.9833
19.543
19.1027
18.6626
18.2226
17.7826
17.3428
16.903
20.4238
19.9833
19.543
19.1027
18.6626
18.2226
17.7826
17.3428
16.903
16.4633
19.9833
19.543
19.1027
18.6626
18.2226
17.7826
17.3428
16.903
16.4633
16.0236
19.543
19.1027
18.6626
18.2226
17.7826
17.3428
16.903
16.4633
16.0236
15.584
19.1027
18.6626
18.2226
17.7826
17.3428
16.903
16.4633
16.0236
15.584
15.1445
18.6626
18.2226
17.7826
17.3428
16.903
16.4633
16.0236
15.584
15.1445
14.7051
18.2226
17.7826
17.3428
16.903
16.4633
16.0236
15.584
15.1445
14.7051
14.2656
17.7826
17.3428
16.903
16.4633
16.0236
15.584
15.1445
14.7051
14.2656
13.8263
21.305
20.8643
20.4238
19.9833
19.543
19.1027
18.6626
18.2226
17.7826
17.3428
20.8643
20.4238
19.9833
19.543
19.1027
18.6626
18.2226
17.7826
17.3428
16.903
20.4238
19.9833
19.543
19.1027
18.6626
18.2226
17.7826
17.3428
16.903
16.4633
19.9833
19.543
19.1027
18.6626
18.2226
17.7826
17.3428
16.903
16.4633
16.0236
19.543
19.1027
18.6626
18.2226
17.7826
17.3428
16.903
16.4633
16.0236
15.584
19.1027
18.6626
18.2226
17.7826
17.3428
16.903
16.4633
16.0236
15.584
15.1445
18.6626
18.2226
17.7826
17.3428
16.903
16.4633
16.0236
15.584
15.1445
14.7051
18.2226
17.7826
17.3428
16.903
16.4633
16.0236
15.584
15.1445
14.7051
14.2656
17.7826
17.3428
16.903
16.4633
16.0236
15.584
15.1445
14.7051
14.2656
13.8263
17.3428
16.903
16.4633
16.0236
15.584
15.1445
14.7051
14.2656
13.8263
13.387
20.8643
20.4238
19.9833
19.543
19.1027
18.6626
18.2226
17.7826
17.3428
16.903
20.4238
19.9833
19.543
19.1027
18.6626
18.2226
17.7826
17.3428
16.903
16.4633
19.9833
19.543
19.1027
18.6626
18.2226
17.7826
17.3428
16.903
16.4633
16.0236
19.543
19.1027
18.6626
18.2226
17.7826
17.3428
16.903
16.4633
16.0236
15.584
19.1027
18.6626
18.2226
17.7826
17.3428
16.903
16.4633
16.0236
15.584
15.1445
18.6626
18.2226
17.7826
17.3428
16.903
16.4633
16.0236
15.584
15.1445
14.7051
18.2226
17.7826
17.3428
16.903
16.4633
16.0236
15.584
15.1445
14.7051
14.2656
17.7826
17.3428
16.903
16.4633
16.0236
15.584
15.1445
14.7051
14.2656
13.8263
17.3428
16.903
16.4633
16.0236
15.584
15.1445
14.7051
14.2656
13.8263
13.387
16.903
16.4633
16.0236
15.584
15.1445
14.7051
14.2656
13.8263
13.387
12.9477
20.4238
19.9833
19.543
19.1027
18.6626
18.2226
17.7826
17.3428
16.903
16.4633
19.9833
19.543
19.1027
18.6626
18.2226
17.7826
17.3428
16.903
16.4633
16.0236
19.543
19.1027
18.6626
18.2226
17.7826
17.3428
16.903
16.4633
16.0236
15.584
19.1027
18.6626
18.2226
17.7826
17.3428
16.903
16.4633
16.0236
15.584
15.1445
18.6626
18.2226
17.7826
17.3428
16.903
16.4633
16.0236
15.584
15.1445
14.7051
18.2226
17.7826
17.3428
16.903
16.4633
16.0236
15.584
15.1445
14.7051
14.2656
17.7826
17.3428
16.903
16.4633
16.0236
15.584
15.1445
14.7051
14.2656
13.8263
17.3428
16.903
16.4633
16.0236
15.584
15.1445
14.7051
14.2656
13.8263
13.387
16.903
16.4633
16.0236
15.584
15.1445
14.7051
14.2656
13.8263
13.387
12.9477
16.4633
16.0236
15.584
15.1445
14.7051
14.2656
13.8263
13.387
12.9477
12.5085
19.9833
19.543
19.1027
18.6626
18.2226
17.7826
17.3428
16.903
16.4633
16.0236
19.543
19.1027
18.6626
18.2226
17.7826
17.3428
16.903
16.4633
16.0236
15.584
19.1027
18.6626
18.2226
17.7826
17.3428
16.903
16.4633
16.0236
15.584
15.1445
18.6626
18.2226
17.7826
17.3428
16.903
16.4633
16.0236
15.584
15.1445
14.7051
18.2226
17.7826
17.3428
16.903
16.4633
16.0236
15.584
15.1445
14.7051
14.2656
17.7826
17.3428
16.903
16.4633
16.0236
15.584
15.1445
14.7051
14.2656
13.8263
17.3428
16.903
16.4633
16.0236
15.584
15.1445
14.7051
14.2656
13.8263
13.387
16.903
16.4633
16.0236
15.584
15.1445
14.7051
14.2656
13.8263
13.387
12.9477
16.4633
16.0236
15.584
15.1445
14.7051
14.2656
13.8263
13.387
12.9477
12.5085
16.0236
15.584
15.1445
14.7051
14.2656
13.8263
13.387
12.9477
12.5085
12.0693
19.543
19.1027
18.6626
18.2226
17.7826
17.3428
16.903
16.4633
16.0236
15.584
19.1027
18.6626
18.2226
17.7826
17.3428
16.903
16.4633
16.0236
15.584
15.1445
18.6626
18.2226
17.7826
17.3428
16.903
16.4633
16.0236
15.584
15.1445
14.7051
18.2226
17.7826
17.3428
16.903
16.4633
16.0236
15.584
15.1445
14.7051
14.2656
17.7826
17.3428
16.903
16.4633
16.0236
15.584
15.1445
14.7051
14.2656
13.8263
17.3428
16.903
16.4633
16.0236
15.584
15.1445
14.7051
14.2656
13.8263
13.387
16.903
16.4633
16.0236
15.584
15.1445
14.7051
14.2656
13.8263
13.387
12.9477
16.4633
16.0236
15.584
15.1445
14.7051
14.2656
13.8263
13.387
12.9477
12.5085
16.0236
15.584
15.1445
14.7051
14.2656
13.8263
13.387
12.9477
12.5085
12.0693
15.584
15.1445
14.7051
14.2656
13.8263
13.387
12.9477
12.5085
12.0693
11.6301
19.1027
18.6626
18.2226
17.7826
17.3428
16.903
16.4633
16.0236
15.584
15.1445
18.6626
18.2226
17.7826
17.3428
16.903
16.4633
16.0236
15.584
15.1445
14.7051
18.2226
17.7826
17.3428
16.903
16.4633
16.0236
15.584
15.1445
14.7051
14.2656
17.7826
17.3428
16.903
16.4633
16.0236
15.584
15.1445
14.7051
14.2656
13.8263
17.3428
16.903
16.4633
16.0236
15.584
15.1445
14.7051
14.2656
13.8263
13.387
16.903
16.4633
16.0236
15.584
15.1445
14.7051
14.2656
13.8263
13.387
12.9477
16.4633
16.0236
15.584
15.1445
14.7051
14.2656
13.8263
13.387
12.9477
12.5085
16.0236
15.584
15.1445
14.7051
14.2656
13.8263
13.387
12.9477
12.5085
12.0693
15.584
15.1445
14.7051
14.2656
13.8263
13.387
12.9477
12.5085
12.0693
11.6301
15.1445
14.7051
14.2656
13.8263
13.387
12.9477
12.5085
12.0693
11.6301
11.191
18.6626
18.2226
17.7826
17.3428
16.903
16.4633
16.0236
15.584
15.1445
14.7051
18.2226
17.7826
17.3428
16.903
16.4633
16.0236
15.584
15.1445
14.7051
14.2656
17.7826
17.3428
16.903
16.4633
16.0236
15.584
15.1445
14.7051
14.2656
13.8263
17.3428
16.903
16.4633
16.0236
15.584
15.1445
14.7051
14.2656
13.8263
13.387
16.903
16.4633
16.0236
15.584
15.1445
14.7051
14.2656
13.8263
13.387
12.9477
16.4633
16.0236
15.584
15.1445
14.7051
14.2656
13.8263
13.387
12.9477
12.5085
16.0236
15.584
15.1445
14.7051
14.2656
13.8263
13.387
12.9477
12.5085
12.0693
15.584
15.1445
14.7051
14.2656
13.8263
13.387
12.9477
12.5085
12.0693
11.6301
15.1445
14.7051
14.2656
13.8263
13.387
12.9477
12.5085
12.0693
11.6301
11.191
14.7051
14.2656
13.8263
13.387
12.9477
12.5085
12.0693
11.6301
11.191
10.7519
18.2226
17.7826
17.3428
16.903
16.4633
16.0236
15.584
15.1445
14.7051
14.2656
17.7826
17.3428
16.903
16.4633
16.0236
15.584
15.1445
14.7051
14.2656
13.8263
17.3428
16.903
16.4633
16.0236
15.584
15.1445
14.7051
14.2656
13.8263
13.387
16.903
16.4633
16.0236
15.584
15.1445
14.7051
14.2656
13.8263
13.387
12.9477
16.4633
16.0236
15.584
15.1445
14.7051
14.2656
13.8263
13.387
12.9477
12.5085
16.0236
15.584
15.1445
14.7051
14.2656
13.8263
13.387
12.9477
12.5085
12.0693
15.584
15.1445
14.7051
14.2656
13.8263
13.387
12.9477
12.5085
12.0693
11.6301
15.1445
14.7051
14.2656
13.8263
13.387
12.9477
12.5085
12.0693
11.6301
11.191
14.7051
14.2656
13.8263
13.387
12.9477
12.5085
12.0693
11.6301
11.191
10.7519
14.2656
13.8263
13.387
12.9477
12.5085
12.0693
11.6301
11.191
10.7519
10.3128
17.7826
17.3428
16.903
16.4633
16.0236
15.584
15.1445
14.7051
14.2656
13.8263
17.3428
16.903
16.4633
16.0236
15.584
15.1445
14.7051
14.2656
13.8263
13.387
16.903
16.4633
16.0236
15.584
15.1445
14.7051
14.2656
13.8263
13.387
12.9477
16.4633
16.0236
15.584
15.1445
14.7051
14.2656
13.8263
13.387
12.9477
12.5085
16.0236
15.584
15.1445
14.7051
14.2656
13.8263
13.387
12.9477
12.5085
12.0693
15.584
15.1445
14.7051
14.2656
13.8263
13.387
12.9477
12.5085
12.0693
11.6301
15.1445
14.7051
14.2656
13.8263
13.387
12.9477
12.5085
12.0693
11.6301
11.191
14.7051
14.2656
13.8263
13.387
12.9477
12.5085
12.0693
11.6301
11.191
10.7519
14.2656
13.8263
13.387
12.9477
12.5085
12.0693
11.6301
11.191
10.7519
10.3128
13.8263
13.387
12.9477
12.5085
12.0693
11.6301
11.191
10.7519
10.3128
9.8738
17.3428
16.903
16.4633
16.0236
15.584
15.1445
14.7051
14.2656
13.8263
13.387
16.903
16.4633
16.0236
15.584
15.1445
14.7051
14.2656
13.8263
13.387
12.9477
16.4633
16.0236
15.584
15.1445
14.7051
14.2656
13.8263
13.387
12.9477
12.5085
16.0236
15.584
15.1445
14.7051
14.2656
13.8263
13.387
12.9477
12.5085
12.0693
15.584
15.1445
14.7051
14.2656
13.8263
13.387
12.9477
12.5085
12.0693
11.6301
15.1445
14.7051
14.2656
13.8263
13.387
12.9477
12.5085
12.0693
11.6301
11.191
14.7051
14.2656
13.8263
13.387
12.9477
12.5085
12.0693
11.6301
11.191
10.7519
14.2656
13.8263
13.387
12.9477
12.5085
12.0693
11.6301
11.191
10.7519
10.3128
13.8263
13.387
12.9477
12.5085
12.0693
11.6301
11.191
10.7519
10.3128
9.8738
13.387
12.9477
12.5085
12.0693
11.6301
11.191
10.7519
10.3128
9.8738
9.43479
16.903
16.4633
16.0236
15.584
15.1445
14.7051
14.2656
13.8263
13.387
12.9477
16.4633
16.0236
15.584
15.1445
14.7051
14.2656
13.8263
13.387
12.9477
12.5085
16.0236
15.584
15.1445
14.7051
14.2656
13.8263
13.387
12.9477
12.5085
12.0693
15.584
15.1445
14.7051
14.2656
13.8263
13.387
12.9477
12.5085
12.0693
11.6301
15.1445
14.7051
14.2656
13.8263
13.387
12.9477
12.5085
12.0693
11.6301
11.191
14.7051
14.2656
13.8263
13.387
12.9477
12.5085
12.0693
11.6301
11.191
10.7519
14.2656
13.8263
13.387
12.9477
12.5085
12.0693
11.6301
11.191
10.7519
10.3128
13.8263
13.387
12.9477
12.5085
12.0693
11.6301
11.191
10.7519
10.3128
9.8738
13.387
12.9477
12.5085
12.0693
11.6301
11.191
10.7519
10.3128
9.8738
9.43479
12.9477
12.5085
12.0693
11.6301
11.191
10.7519
10.3128
9.8738
9.43479
8.99581
16.4633
16.0236
15.584
15.1445
14.7051
14.2656
13.8263
13.387
12.9477
12.5085
16.0236
15.584
15.1445
14.7051
14.2656
13.8263
13.387
12.9477
12.5085
12.0693
15.584
15.1445
14.7051
14.2656
13.8263
13.387
12.9477
12.5085
12.0693
11.6301
15.1445
14.7051
14.2656
13.8263
13.387
12.9477
12.5085
12.0693
11.6301
11.191
14.7051
14.2656
13.8263
13.387
12.9477
12.5085
12.0693
11.6301
11.191
10.7519
14.2656
13.8263
13.387
12.9477
12.5085
12.0693
11.6301
11.191
10.7519
10.3128
13.8263
13.387
12.9477
12.5085
12.0693
11.6301
11.191
10.7519
10.3128
9.8738
13.387
12.9477
12.5085
12.0693
11.6301
11.191
10.7519
10.3128
9.8738
9.43479
12.9477
12.5085
12.0693
11.6301
11.191
10.7519
10.3128
9.8738
9.43479
8.99581
12.5085
12.0693
11.6301
11.191
10.7519
10.3128
9.8738
9.43479
8.99581
8.55684
16.0236
15.584
15.1445
14.7051
14.2656
13.8263
13.387
12.9477
12.5085
12.0693
15.584
15.1445
14.7051
14.2656
13.8263
13.387
12.9477
12.5085
12.0693
11.6301
15.1445
14.7051
14.2656
13.8263
13.387
12.9477
12.5085
12.0693
11.6301
11.191
14.7051
14.2656
13.8263
13.387
12.9477
12.5085
12.0693
11.6301
11.191
10.7519
14.2656
13.8263
13.387
12.9477
12.5085
12.0693
11.6301
11.191
10.7519
10.3128
13.8263
13.387
12.9477
12.5085
12.0693
11.6301
11.191
10.7519
10.3128
9.8738
13.387
12.9477
12.5085
12.0693
11.6301
11.191
10.7519
10.3128
9.8738
9.43479
12.9477
12.5085
12.0693
11.6301
11.191
10.7519
10.3128
9.8738
9.43479
8.99581
12.5085
12.0693
11.6301
11.191
10.7519
10.3128
9.8738
9.43479
8.99581
8.55684
12.0693
11.6301
11.191
10.7519
10.3128
9.8738
9.43479
8.99581
8.55684
8.1179
15.584
15.1445
14.7051
14.2656
13.8263
13.387
12.9477
12.5085
12.0693
11.6301
15.1445
14.7051
14.2656
13.8263
13.387
12.9477
12.5085
12.0693
11.6301
11.191
14.7051
14.2656
13.8263
13.387
12.9477
12.5085
12.0693
11.6301
11.191
10.7519
14.2656
13.8263
13.387
12.9477
12.5085
12.0693
11.6301
11.191
10.7519
10.3128
13.8263
13.387
12.9477
12.5085
12.0693
11.6301
11.191
10.7519
10.3128
9.8738
13.387
12.9477
12.5085
12.0693
11.6301
11.191
10.7519
10.3128
9.8738
9.43479
12.9477
12.5085
12.0693
11.6301
11.191
10.7519
10.3128
9.8738
9.43479
8.99581
12.5085
12.0693
11.6301
11.191
10.7519
10.3128
9.8738
9.43479
8.99581
8.55684
12.0693
11.6301
11.191
10.7519
10.3128
9.8738
9.43479
8.99581
8.55684
8.1179
11.6301
11.191
10.7519
10.3128
9.8738
9.43479
8.99581
8.55684
8.1179
7.67898
15.1445
14.7051
14.2656
13.8263
13.387
12.9477
12.5085
12.0693
11.6301
11.191
14.7051
14.2656
13.8263
13.387
12.9477
12.5085
12.0693
11.6301
11.191
10.7519
14.2656
13.8263
13.387
12.9477
12.5085
12.0693
11.6301
11.191
10.7519
10.3128
13.8263
13.387
12.9477
12.5085
12.0693
11.6301
11.191
10.7519
10.3128
9.8738
13.387
12.9477
12.5085
12.0693
11.6301
11.191
10.7519
10.3128
9.8738
9.43479
12.9477
12.5085
12.0693
11.6301
11.191
10.7519
10.3128
9.8738
9.43479
8.99581
12.5085
12.0693
11.6301
11.191
10.7519
10.3128
9.8738
9.43479
8.99581
8.55684
12.0693
11.6301
11.191
10.7519
10.3128
9.8738
9.43479
8.99581
8.55684
8.1179
11.6301
11.191
10.7519
10.3128
9.8738
9.43479
8.99581
8.55684
8.1179
7.67898
11.191
10.7519
10.3128
9.8738
9.43479
8.99581
8.55684
8.1179
7.67898
7.24007
14.7051
14.2656
13.8263
13.387
12.9477
12.5085
12.0693
11.6301
11.191
10.7519
14.2656
13.8263
13.387
12.9477
12.5085
12.0693
11.6301
11.191
10.7519
10.3128
13.8263
13.387
12.9477
12.5085
12.0693
11.6301
11.191
10.7519
10.3128
9.8738
13.387
12.9477
12.5085
12.0693
11.6301
11.191
10.7519
10.3128
9.8738
9.43479
12.9477
12.5085
12.0693
11.6301
11.191
10.7519
10.3128
9.8738
9.43479
8.99581
12.5085
12.0693
11.6301
11.191
10.7519
10.3128
9.8738
9.43479
8.99581
8.55684
12.0693
11.6301
11.191
10.7519
10.3128
9.8738
9.43479
8.99581
8.55684
8.1179
11.6301
11.191
10.7519
10.3128
9.8738
9.43479
8.99581
8.55684
8.1179
7.67898
11.191
10.7519
10.3128
9.8738
9.43479
8.99581
8.55684
8.1179
7.67898
7.24007
10.7519
10.3128
9.8738
9.43479
8.99581
8.55684
8.1179
7.67898
7.24007
6.80119
14.2656
13.8263
13.387
12.9477
12.5085
12.0693
11.6301
11.191
10.7519
10.3128
13.8263
13.387
12.9477
12.5085
12.0693
11.6301
11.191
10.7519
10.3128
9.8738
13.387
12.9477
12.5085
12.0693
11.6301
11.191
10.7519
10.3128
9.8738
9.43479
12.9477
12.5085
12.0693
11.6301
11.191
10.7519
10.3128
9.8738
9.43479
8.99581
12.5085
12.0693
11.6301
11.191
10.7519
10.3128
9.8738
9.43479
8.99581
8.55684
12.0693
11.6301
11.191
10.7519
10.3128
9.8738
9.43479
8.99581
8.55684
8.1179
11.6301
11.191
10.7519
10.3128
9.8738
9.43479
8.99581
8.55684
8.1179
7.67898
11.191
10.7519
10.3128
9.8738
9.43479
8.99581
8.55684
8.1179
7.67898
7.24007
10.7519
10.3128
9.8738
9.43479
8.99581
8.55684
8.1179
7.67898
7.24007
6.80119
10.3128
9.8738
9.43479
8.99581
8.55684
8.1179
7.67898
7.24007
6.80119
6.36232
13.8263
13.387
12.9477
12.5085
12.0693
11.6301
11.191
10.7519
10.3128
9.8738
13.387
12.9477
12.5085
12.0693
11.6301
11.191
10.7519
10.3128
9.8738
9.43479
12.9477
12.5085
12.0693
11.6301
11.191
10.7519
10.3128
9.8738
9.43479
8.99581
12.5085
12.0693
11.6301
11.191
10.7519
10.3128
9.8738
9.43479
8.99581
8.55684
12.0693
11.6301
11.191
10.7519
10.3128
9.8738
9.43479
8.99581
8.55684
8.1179
11.6301
11.191
10.7519
10.3128
9.8738
9.43479
8.99581
8.55684
8.1179
7.67898
11.191
10.7519
10.3128
9.8738
9.43479
8.99581
8.55684
8.1179
7.67898
7.24007
10.7519
10.3128
9.8738
9.43479
8.99581
8.55684
8.1179
7.67898
7.24007
6.80119
10.3128
9.8738
9.43479
8.99581
8.55684
8.1179
7.67898
7.24007
6.80119
6.36232
9.8738
9.43479
8.99581
8.55684
8.1179
7.67898
7.24007
6.80119
6.36232
5.92346
13.387
12.9477
12.5085
12.0693
11.6301
11.191
10.7519
10.3128
9.8738
9.43479
12.9477
12.5085
12.0693
11.6301
11.191
10.7519
10.3128
9.8738
9.43479
8.99581
12.5085
12.0693
11.6301
11.191
10.7519
10.3128
9.8738
9.43479
8.99581
8.55684
12.0693
11.6301
11.191
10.7519
10.3128
9.8738
9.43479
8.99581
8.55684
8.1179
11.6301
11.191
10.7519
10.3128
9.8738
9.43479
8.99581
8.55684
8.1179
7.67898
11.191
10.7519
10.3128
9.8738
9.43479
8.99581
8.55684
8.1179
7.67898
7.24007
10.7519
10.3128
9.8738
9.43479
8.99581
8.55684
8.1179
7.67898
7.24007
6.80119
10.3128
9.8738
9.43479
8.99581
8.55684
8.1179
7.67898
7.24007
6.80119
6.36232
9.8738
9.43479
8.99581
8.55684
8.1179
7.67898
7.24007
6.80119
6.36232
5.92346
9.43479
8.99581
8.55684
8.1179
7.67898
7.24007
6.80119
6.36232
5.92346
5.48462
12.9477
12.5085
12.0693
11.6301
11.191
10.7519
10.3128
9.8738
9.43479
8.99581
12.5085
12.0693
11.6301
11.191
10.7519
10.3128
9.8738
9.43479
8.99581
8.55684
12.0693
11.6301
11.191
10.7519
10.3128
9.8738
9.43479
8.99581
8.55684
8.1179
11.6301
11.191
10.7519
10.3128
9.8738
9.43479
8.99581
8.55684
8.1179
7.67898
11.191
10.7519
10.3128
9.8738
9.43479
8.99581
8.55684
8.1179
7.67898
7.24007
10.7519
10.3128
9.8738
9.43479
8.99581
8.55684
8.1179
7.67898
7.24007
6.80119
10.3128
9.8738
9.43479
8.99581
8.55684
8.1179
7.67898
7.24007
6.80119
6.36232
9.8738
9.43479
8.99581
8.55684
8.1179
7.67898
7.24007
6.80119
6.36232
5.92346
9.43479
8.99581
8.55684
8.1179
7.67898
7.24007
6.80119
6.36232
5.92346
5.48462
8.99581
8.55684
8.1179
7.67898
7.24007
6.80119
6.36232
5.92346
5.48462
5.04579
12.5085
12.0693
11.6301
11.191
10.7519
10.3128
9.8738
9.43479
8.99581
8.55684
12.0693
11.6301
11.191
10.7519
10.3128
9.8738
9.43479
8.99581
8.55684
8.1179
11.6301
11.191
10.7519
10.3128
9.8738
9.43479
8.99581
8.55684
8.1179
7.67898
11.191
10.7519
10.3128
9.8738
9.43479
8.99581
8.55684
8.1179
7.67898
7.24007
10.7519
10.3128
9.8738
9.43479
8.99581
8.55684
8.1179
7.67898
7.24007
6.80119
10.3128
9.8738
9.43479
8.99581
8.55684
8.1179
7.67898
7.24007
6.80119
6.36232
9.8738
9.43479
8.99581
8.55684
8.1179
7.67898
7.24007
6.80119
6.36232
5.92346
9.43479
8.99581
8.55684
8.1179
7.67898
7.24007
6.80119
6.36232
5.92346
5.48462
8.99581
8.55684
8.1179
7.67898
7.24007
6.80119
6.36232
5.92346
5.48462
5.04579
8.55684
8.1179
7.67898
7.24007
6.80119
6.36232
5.92346
5.48462
5.04579
4.60698
12.0693
11.6301
11.191
10.7519
10.3128
9.8738
9.43479
8.99581
8.55684
8.1179
11.6301
11.191
10.7519
10.3128
9.8738
9.43479
8.99581
8.55684
8.1179
7.67898
11.191
10.7519
10.3128
9.8738
9.43479
8.99581
8.55684
8.1179
7.67898
7.24007
10.7519
10.3128
9.8738
9.43479
8.99581
8.55684
8.1179
7.67898
7.24007
6.80119
10.3128
9.8738
9.43479
8.99581
8.55684
8.1179
7.67898
7.24007
6.80119
6.36232
9.8738
9.43479
8.99581
8.55684
8.1179
7.67898
7.24007
6.80119
6.36232
5.92346
9.43479
8.99581
8.55684
8.1179
7.67898
7.24007
6.80119
6.36232
5.92346
5.48462
8.99581
8.55684
8.1179
7.67898
7.24007
6.80119
6.36232
5.92346
5.48462
5.04579
8.55684
8.1179
7.67898
7.24007
6.80119
6.36232
5.92346
5.48462
5.04579
4.60698
8.1179
7.67898
7.24007
6.80119
6.36232
5.92346
5.48462
5.04579
4.60698
4.16817
11.6301
11.191
10.7519
10.3128
9.8738
9.43479
8.99581
8.55684
8.1179
7.67898
11.191
10.7519
10.3128
9.8738
9.43479
8.99581
8.55684
8.1179
7.67898
7.24007
10.7519
10.3128
9.8738
9.43479
8.99581
8.55684
8.1179
7.67898
7.24007
6.80119
10.3128
9.8738
9.43479
8.99581
8.55684
8.1179
7.67898
7.24007
6.80119
6.36232
9.8738
9.43479
8.99581
8.55684
8.1179
7.67898
7.24007
6.80119
6.36232
5.92346
9.43479
8.99581
8.55684
8.1179
7.67898
7.24007
6.80119
6.36232
5.92346
5.48462
8.99581
8.55684
8.1179
7.67898
7.24007
6.80119
6.36232
5.92346
5.48462
5.04579
8.55684
8.1179
7.67898
7.24007
6.80119
6.36232
5.92346
5.48462
5.04579
4.60698
8.1179
7.67898
7.24007
6.80119
6.36232
5.92346
5.48462
5.04579
4.60698
4.16817
7.67898
7.24007
6.80119
6.36232
5.92346
5.48462
5.04579
4.60698
4.16817
3.72938
11.191
10.7519
10.3128
9.8738
9.43479
8.99581
8.55684
8.1179
7.67898
7.24007
10.7519
10.3128
9.8738
9.43479
8.99581
8.55684
8.1179
7.67898
7.24007
6.80119
10.3128
9.8738
9.43479
8.99581
8.55684
8.1179
7.67898
7.24007
6.80119
6.36232
9.8738
9.43479
8.99581
8.55684
8.1179
7.67898
7.24007
6.80119
6.36232
5.92346
9.43479
8.99581
8.55684
8.1179
7.67898
7.24007
6.80119
6.36232
5.92346
5.48462
8.99581
8.55684
8.1179
7.67898
7.24007
6.80119
6.36232
5.92346
5.48462
5.04579
8.55684
8.1179
7.67898
7.24007
6.80119
6.36232
5.92346
5.48462
5.04579
4.60698
8.1179
7.67898
7.24007
6.80119
6.36232
5.92346
5.48462
5.04579
4.60698
4.16817
7.67898
7.24007
6.80119
6.36232
5.92346
5.48462
5.04579
4.60698
4.16817
3.72938
7.24007
6.80119
6.36232
5.92346
5.48462
5.04579
4.60698
4.16817
3.72938
3.2906
10.7519
10.3128
9.8738
9.43479
8.99581
8.55684
8.1179
7.67898
7.24007
6.80119
10.3128
9.8738
9.43479
8.99581
8.55684
8.1179
7.67898
7.24007
6.80119
6.36232
9.8738
9.43479
8.99581
8.55684
8.1179
7.67898
7.24007
6.80119
6.36232
5.92346
9.43479
8.99581
8.55684
8.1179
7.67898
7.24007
6.80119
6.36232
5.92346
5.48462
8.99581
8.55684
8.1179
7.67898
7.24007
6.80119
6.36232
5.92346
5.48462
5.04579
8.55684
8.1179
7.67898
7.24007
6.80119
6.36232
5.92346
5.48462
5.04579
4.60698
8.1179
7.67898
7.24007
6.80119
6.36232
5.92346
5.48462
5.04579
4.60698
4.16817
7.67898
7.24007
6.80119
6.36232
5.92346
5.48462
5.04579
4.60698
4.16817
3.72938
7.24007
6.80119
6.36232
5.92346
5.48462
5.04579
4.60698
4.16817
3.72938
3.2906
6.80119
6.36232
5.92346
5.48462
5.04579
4.60698
4.16817
3.72938
3.2906
2.85182
10.3128
9.8738
9.43479
8.99581
8.55684
8.1179
7.67898
7.24007
6.80119
6.36232
9.8738
9.43479
8.99581
8.55684
8.1179
7.67898
7.24007
6.80119
6.36232
5.92346
9.43479
8.99581
8.55684
8.1179
7.67898
7.24007
6.80119
6.36232
5.92346
5.48462
8.99581
8.55684
8.1179
7.67898
7.24007
6.80119
6.36232
5.92346
5.48462
5.04579
8.55684
8.1179
7.67898
7.24007
6.80119
6.36232
5.92346
5.48462
5.04579
4.60698
8.1179
7.67898
7.24007
6.80119
6.36232
5.92346
5.48462
5.04579
4.60698
4.16817
7.67898
7.24007
6.80119
6.36232
5.92346
5.48462
5.04579
4.60698
4.16817
3.72938
7.24007
6.80119
6.36232
5.92346
5.48462
5.04579
4.60698
4.16817
3.72938
3.2906
6.80119
6.36232
5.92346
5.48462
5.04579
4.60698
4.16817
3.72938
3.2906
2.85182
6.36232
5.92346
5.48462
5.04579
4.60698
4.16817
3.72938
3.2906
2.85182
2.41306
9.8738
9.43479
8.99581
8.55684
8.1179
7.67898
7.24007
6.80119
6.36232
5.92346
9.43479
8.99581
8.55684
8.1179
7.67898
7.24007
6.80119
6.36232
5.92346
5.48462
8.99581
8.55684
8.1179
7.67898
7.24007
6.80119
6.36232
5.92346
5.48462
5.04579
8.55684
8.1179
7.67898
7.24007
6.80119
6.36232
5.92346
5.48462
5.04579
4.60698
8.1179
7.67898
7.24007
6.80119
6.36232
5.92346
5.48462
5.04579
4.60698
4.16817
7.67898
7.24007
6.80119
6.36232
5.92346
5.48462
5.04579
4.60698
4.16817
3.72938
7.24007
6.80119
6.36232
5.92346
5.48462
5.04579
4.60698
4.16817
3.72938
3.2906
6.80119
6.36232
5.92346
5.48462
5.04579
4.60698
4.16817
3.72938
3.2906
2.85182
6.36232
5.92346
5.48462
5.04579
4.60698
4.16817
3.72938
3.2906
2.85182
2.41306
5.92346
5.48462
5.04579
4.60698
4.16817
3.72938
3.2906
2.85182
2.41306
1.9743
9.43479
8.99581
8.55684
8.1179
7.67898
7.24007
6.80119
6.36232
5.92346
5.48462
8.99581
8.55684
8.1179
7.67898
7.24007
6.80119
6.36232
5.92346
5.48462
5.04579
8.55684
8.1179
7.67898
7.24007
6.80119
6.36232
5.92346
5.48462
5.04579
4.60698
8.1179
7.67898
7.24007
6.80119
6.36232
5.92346
5.48462
5.04579
4.60698
4.16817
7.67898
7.24007
6.80119
6.36232
5.92346
5.48462
5.04579
4.60698
4.16817
3.72938
7.24007
6.80119
6.36232
5.92346
5.48462
5.04579
4.60698
4.16817
3.72938
3.2906
6.80119
6.36232
5.92346
5.48462
5.04579
4.60698
4.16817
3.72938
3.2906
2.85182
6.36232
5.92346
5.48462
5.04579
4.60698
4.16817
3.72938
3.2906
2.85182
2.41306
5.92346
5.48462
5.04579
4.60698
4.16817
3.72938
3.2906
2.85182
2.41306
1.9743
5.48462
5.04579
4.60698
4.16817
3.72938
3.2906
2.85182
2.41306
1.9743
1.53556
8.99581
8.55684
8.1179
7.67898
7.24007
6.80119
6.36232
5.92346
5.48462
5.04579
8.55684
8.1179
7.67898
7.24007
6.80119
6.36232
5.92346
5.48462
5.04579
4.60698
8.1179
7.67898
7.24007
6.80119
6.36232
5.92346
5.48462
5.04579
4.60698
4.16817
7.67898
7.24007
6.80119
6.36232
5.92346
5.48462
5.04579
4.60698
4.16817
3.72938
7.24007
6.80119
6.36232
5.92346
5.48462
5.04579
4.60698
4.16817
3.72938
3.2906
6.80119
6.36232
5.92346
5.48462
5.04579
4.60698
4.16817
3.72938
3.2906
2.85182
6.36232
5.92346
5.48462
5.04579
4.60698
4.16817
3.72938
3.2906
2.85182
2.41306
5.92346
5.48462
5.04579
4.60698
4.16817
3.72938
3.2906
2.85182
2.41306
1.9743
5.48462
5.04579
4.60698
4.16817
3.72938
3.2906
2.85182
2.41306
1.9743
1.53556
5.04579
4.60698
4.16817
3.72938
3.2906
2.85182
2.41306
1.9743
1.53556
1.09682
8.55684
8.1179
7.67898
7.24007
6.80119
6.36232
5.92346
5.48462
5.04579
4.60698
8.1179
7.67898
7.24007
6.80119
6.36232
5.92346
5.48462
5.04579
4.60698
4.16817
7.67898
7.24007
6.80119
6.36232
5.92346
5.48462
5.04579
4.60698
4.16817
3.72938
7.24007
6.80119
6.36232
5.92346
5.48462
5.04579
4.60698
4.16817
3.72938
3.2906
6.80119
6.36232
5.92346
5.48462
5.04579
4.60698
4.16817
3.72938
3.2906
2.85182
6.36232
5.92346
5.48462
5.04579
4.60698
4.16817
3.72938
3.2906
2.85182
2.41306
5.92346
5.48462
5.04579
4.60698
4.16817
3.72938
3.2906
2.85182
2.41306
1.9743
5.48462
5.04579
4.60698
4.16817
3.72938
3.2906
2.85182
2.41306
1.9743
1.53556
5.04579
4.60698
4.16817
3.72938
3.2906
2.85182
2.41306
1.9743
1.53556
1.09682
4.60698
4.16817
3.72938
3.2906
2.85182
2.41306
1.9743
1.53556
1.09682
0.658083
8.1179
7.67898
7.24007
6.80119
6.36232
5.92346
5.48462
5.04579
4.60698
4.16817
7.67898
7.24007
6.80119
6.36232
5.92346
5.48462
5.04579
4.60698
4.16817
3.72938
7.24007
6.80119
6.36232
5.92346
5.48462
5.04579
4.60698
4.16817
3.72938
3.2906
6.80119
6.36232
5.92346
5.48462
5.04579
4.60698
4.16817
3.72938
3.2906
2.85182
6.36232
5.92346
5.48462
5.04579
4.60698
4.16817
3.72938
3.2906
2.85182
2.41306
5.92346
5.48462
5.04579
4.60698
4.16817
3.72938
3.2906
2.85182
2.41306
1.9743
5.48462
5.04579
4.60698
4.16817
3.72938
3.2906
2.85182
2.41306
1.9743
1.53556
5.04579
4.60698
4.16817
3.72938
3.2906
2.85182
2.41306
1.9743
1.53556
1.09682
4.60698
4.16817
3.72938
3.2906
2.85182
2.41306
1.9743
1.53556
1.09682
0.658083
4.16817
3.72938
3.2906
2.85182
2.41306
1.9743
1.53556
1.09682
0.658083
0.219358
7.67898
7.24007
6.80119
6.36232
5.92346
5.48462
5.04579
4.60698
4.16817
3.72938
7.24007
6.80119
6.36232
5.92346
5.48462
5.04579
4.60698
4.16817
3.72938
3.2906
6.80119
6.36232
5.92346
5.48462
5.04579
4.60698
4.16817
3.72938
3.2906
2.85182
6.36232
5.92346
5.48462
5.04579
4.60698
4.16817
3.72938
3.2906
2.85182
2.41306
5.92346
5.48462
5.04579
4.60698
4.16817
3.72938
3.2906
2.85182
2.41306
1.9743
5.48462
5.04579
4.60698
4.16817
3.72938
3.2906
2.85182
2.41306
1.9743
1.53556
5.04579
4.60698
4.16817
3.72938
3.2906
2.85182
2.41306
1.9743
1.53556
1.09682
4.60698
4.16817
3.72938
3.2906
2.85182
2.41306
1.9743
1.53556
1.09682
0.658083
4.16817
3.72938
3.2906
2.85182
2.41306
1.9743
1.53556
1.09682
0.658083
0.219358
3.72938
3.2906
2.85182
2.41306
1.9743
1.53556
1.09682
0.658083
0.219358
7.24007
6.80119
6.36232
5.92346
5.48462
5.04579
4.60698
4.16817
3.72938
3.2906
6.80119
6.36232
5.92346
5.48462
5.04579
4.60698
4.16817
3.72938
3.2906
2.85182
6.36232
5.92346
5.48462
5.04579
4.60698
4.16817
3.72938
3.2906
2.85182
2.41306
5.92346
5.48462
5.04579
4.60698
4.16817
3.72938
3.2906
2.85182
2.41306
1.9743
5.48462
5.04579
4.60698
4.16817
3.72938
3.2906
2.85182
2.41306
1.9743
1.53556
5.04579
4.60698
4.16817
3.72938
3.2906
2.85182
2.41306
1.9743
1.53556
1.09682
4.60698
4.16817
3.72938
3.2906
2.85182
2.41306
1.9743
1.53556
1.09682
0.658083
4.16817
3.72938
3.2906
2.85182
2.41306
1.9743
1.53556
1.09682
0.658083
0.219358
3.72938
3.2906
2.85182
2.41306
1.9743
1.53556
1.09682
0.658083
0.219358
3.2906
2.85182
2.41306
1.9743
1.53556
1.09682
0.658083
0.219358
6.80119
6.36232
5.92346
5.48462
5.04579
4.60698
4.16817
3.72938
3.2906
2.85182
6.36232
5.92346
5.48462
5.04579
4.60698
4.16817
3.72938
3.2906
2.85182
2.41306
5.92346
5.48462
5.04579
4.60698
4.16817
3.72938
3.2906
2.85182
2.41306
1.9743
5.48462
5.04579
4.60698
4.16817
3.72938
3.2906
2.85182
2.41306
1.9743
1.53556
5.04579
4.60698
4.16817
3.72938
3.2906
2.85182
2.41306
1.9743
1.53556
1.09682
4.60698
4.16817
3.72938
3.2906
2.85182
2.41306
1.9743
1.53556
1.09682
0.658083
4.16817
3.72938
3.2906
2.85182
2.41306
1.9743
1.53556
1.09682
0.658083
0.219358
3.72938
3.2906
2.85182
2.41306
1.9743
1.53556
1.09682
0.658083
0.219358
3.2906
2.85182
2.41306
1.9743
1.53556
1.09682
0.658083
0.219358
2.85182
2.41306
1.9743
1.53556
1.09682
0.658083
0.219358
6.36232
5.92346
5.48462
5.04579
4.60698
4.16817
3.72938
3.2906
2.85182
2.41306
5.92346
5.48462
5.04579
4.60698
4.16817
3.72938
3.2906
2.85182
2.41306
1.9743
5.48462
5.04579
4.60698
4.16817
3.72938
3.2906
2.85182
2.41306
1.9743
1.53556
5.04579
4.60698
4.16817
3.72938
3.2906
2.85182
2.41306
1.9743
1.53556
1.09682
4.60698
4.16817
3.72938
3.2906
2.85182
2.41306
1.9743
1.53556
1.09682
0.658083
4.16817
3.72938
3.2906
2.85182
2.41306
1.9743
1.53556
1.09682
0.658083
0.219358
3.72938
3.2906
2.85182
2.41306
1.9743
1.53556
1.09682
0.658083
0.219358
3.2906
2.85182
2.41306
1.9743
1.53556
1.09682
0.658083
0.219358
2.85182
2.41306
1.9743
1.53556
1.09682
0.658083
0.219358
2.41306
1.9743
1.53556
1.09682
0.658083
0.219358
5.92346
5.48462
5.04579
4.60698
4.16817
3.72938
3.2906
2.85182
2.41306
1.9743
5.48462
5.04579
4.60698
4.16817
3.72938
3.2906
2.85182
2.41306
1.9743
1.53556
5.04579
4.60698
4.16817
3.72938
3.2906
2.85182
2.41306
1.9743
1.53556
1.09682
4.60698
4.16817
3.72938
3.2906
2.85182
2.41306
1.9743
1.53556
1.09682
0.658083
4.16817
3.72938
3.2906
2.85182
2.41306
1.9743
1.53556
1.09682
0.658083
0.219358
3.72938
3.2906
2.85182
2.41306
1.9743
1.53556
1.09682
0.658083
0.219359
3.2906
2.85182
2.41306
1.9743
1.53556
1.09682
0.658083
0.219359
2.85182
2.41306
1.9743
1.53556
1.09682
0.658083
0.219359
2.41306
1.9743
1.53556
1.09682
0.658083
0.219359
1.9743
1.53556
1.09682
0.658083
0.219358
5.48462
5.04579
4.60698
4.16817
3.72938
3.2906
2.85182
2.41306
1.9743
1.53556
5.04579
4.60698
4.16817
3.72938
3.2906
2.85182
2.41306
1.9743
1.53556
1.09682
4.60698
4.16817
3.72938
3.2906
2.85182
2.41306
1.9743
1.53556
1.09682
0.658083
4.16817
3.72938
3.2906
2.85182
2.41306
1.9743
1.53556
1.09682
0.658083
0.219358
3.72938
3.2906
2.85182
2.41306
1.9743
1.53556
1.09682
0.658083
0.219359
3.2906
2.85182
2.41306
1.9743
1.53556
1.09682
0.658083
0.219359
2.85182
2.41306
1.9743
1.53556
1.09682
0.658083
0.21936
2.41306
1.9743
1.53556
1.09682
0.658083
0.219359
1.9743
1.53556
1.09682
0.658083
0.219359
1.53556
1.09682
0.658083
0.219358
5.04579
4.60698
4.16817
3.72938
3.2906
2.85182
2.41306
1.9743
1.53556
1.09682
4.60698
4.16817
3.72938
3.2906
2.85182
2.41306
1.9743
1.53556
1.09682
0.658083
4.16817
3.72938
3.2906
2.85182
2.41306
1.9743
1.53556
1.09682
0.658083
0.219358
3.72938
3.2906
2.85182
2.41306
1.9743
1.53556
1.09682
0.658083
0.219358
3.2906
2.85182
2.41306
1.9743
1.53556
1.09682
0.658083
0.219359
2.85182
2.41306
1.9743
1.53556
1.09682
0.658083
0.21936
2.41306
1.9743
1.53556
1.09682
0.658083
0.21936
1.9743
1.53556
1.09682
0.658083
0.219359
1.53556
1.09682
0.658083
0.219358
1.09682
0.658083
0.219358
4.60698
4.16817
3.72938
3.2906
2.85182
2.41306
1.9743
1.53556
1.09682
0.658083
4.16817
3.72938
3.2906
2.85182
2.41306
1.9743
1.53556
1.09682
0.658083
0.219358
3.72938
3.2906
2.85182
2.41306
1.9743
1.53556
1.09682
0.658083
0.219358
3.2906
2.85182
2.41306
1.9743
1.53556
1.09682
0.658083
0.219359
2.85182
2.41306
1.9743
1.53556
1.09682
0.658083
0.21936
2.41306
1.9743
1.53556
1.09682
0.658083
0.219361
1.9743
1.53556
1.09682
0.658083
0.21936
1.53556
1.09682
0.658083
0.219359
1.09682
0.658083
0.219358
0.658083
0.219358
4.16817
3.72938
3.2906
2.85182
2.41306
1.9743
1.53556
1.09682
0.658083
0.219358
3.72938
3.2906
2.85182
2.41306
1.9743
1.53556
1.09682
0.658083
0.219358
3.2906
2.85182
2.41306
1.9743
1.53556
1.09682
0.658083
0.219358
2.85182
2.41306
1.9743
1.53556
1.09682
0.658083
0.21936
2.41306
1.9743
1.53556
1.09682
0.658083
0.219361
1.9743
1.53556
1.09682
0.658083
0.219361
1.53556
1.09682
0.658083
0.21936
1.09682
0.658083
0.219358
0.658083
0.219358
0.219358
3.72938
3.2906
2.85182
2.41306
1.9743
1.53556
1.09682
0.658083
0.219358
3.2906
2.85182
2.41306
1.9743
1.53556
1.09682
0.658083
0.219358
2.85182
2.41306
1.9743
1.53556
1.09682
0.658083
0.219359
2.41306
1.9743
1.53556
1.09682
0.658083
0.21936
1.9743
1.53556
1.09682
0.658083
0.219361
1.53556
1.09682
0.658083
0.21936
1.09682
0.658083
0.219359
0.658083
0.219358
0.219358
3.2906
2.85182
2.41306
1.9743
1.53556
1.09682
0.658083
0.219358
2.85182
2.41306
1.9743
1.53556
1.09682
0.658083
0.219358
2.41306
1.9743
1.53556
1.09682
0.658083
0.219359
1.9743
1.53556
1.09682
0.658083
0.21936
1.53556
1.09682
0.658083
0.21936
1.09682
0.658083
0.219359
0.658083
0.219358
0.219358
2.85182
2.41306
1.9743
1.53556
1.09682
0.658083
0.219358
2.41306
1.9743
1.53556
1.09682
0.658083
0.219359
1.9743
1.53556
1.09682
0.658083
0.219359
1.53556
1.09682
0.658083
0.21936
1.09682
0.658083
0.219359
0.658083
0.219359
0.219358
2.41306
1.9743
1.53556
1.09682
0.658083
0.219358
1.9743
1.53556
1.09682
0.658083
0.219359
1.53556
1.09682
0.658083
0.219359
1.09682
0.658083
0.219359
0.658083
0.219359
0.219358
1.9743
1.53556
1.09682
0.658083
0.219358
1.53556
1.09682
0.658083
0.219358
1.09682
0.658083
0.219358
0.658083
0.219358
0.219358
1.53556
1.09682
0.658083
0.219358
1.09682
0.658083
0.219358
0.658083
0.219358
0.219358
1.09682
0.658083
0.219358
0.658083
0.219358
0.219358
0.658083
0.219358
0.219358
0.219358
)
;

boundaryField
{
    inlet
    {
        type            zeroGradient;
    }
    outlet
    {
        type            fixedValue;
        value           uniform 0;
    }
    wall
    {
        type            zeroGradient;
    }
}


// ************************************************************************* //
