/*--------------------------------*- C++ -*----------------------------------*\
  =========                 |
  \\      /  F ield         | OpenFOAM: The Open Source CFD Toolbox
   \\    /   O peration     | Website:  https://openfoam.org
    \\  /    A nd           | Version:  12
     \\/     M anipulation  |
\*---------------------------------------------------------------------------*/
FoamFile
{
    format      ascii;
    class       volScalarField;
    location    "50";
    object      p;
}
// * * * * * * * * * * * * * * * * * * * * * * * * * * * * * * * * * * * * * //

dimensions      [0 2 -2 0 0 0 0];

internalField   nonuniform List<scalar> 
10000
(
44.9184
44.9089
44.9089
44.2644
44.8991
44.9112
44.2653
44.8991
44.2653
43.689
44.8927
44.9016
44.2674
44.9016
44.2672
43.689
44.8927
44.2674
43.689
43.1823
44.8897
44.8939
44.2694
44.902
44.2679
43.6894
44.8939
44.2679
43.6894
43.1824
44.8897
44.2694
43.6894
43.1824
42.6871
44.8897
44.8904
44.2706
44.8949
44.2696
43.6897
44.8949
44.2692
43.6892
43.1825
44.8904
44.2696
43.6892
43.1825
42.6871
44.8897
44.2706
43.6897
43.1825
42.6871
42.1907
44.8927
44.8904
44.2706
44.8909
44.2707
43.6899
44.8942
44.2698
43.6895
43.1827
44.8909
44.2698
43.6892
43.1825
42.6873
44.8904
44.2707
43.6895
43.1825
42.6872
42.1907
44.8927
44.2706
43.6899
43.1827
42.6873
42.1907
41.6974
44.8991
44.8938
44.2695
44.8909
44.2707
43.6899
44.8906
44.2708
43.6898
43.1827
44.8906
44.2708
43.6887
43.1826
42.6875
44.8909
44.2708
43.6887
43.1829
42.6872
42.1908
44.8939
44.2707
43.6897
43.1826
42.6872
42.1908
41.6974
44.8991
44.2695
43.6898
43.1827
42.6875
42.1908
41.6974
41.209
44.9088
44.9016
44.2674
44.8949
44.2696
43.6897
44.8906
44.2709
43.6898
43.1827
44.8891
44.2713
43.6885
43.1827
42.6876
44.8906
44.2713
43.6876
43.1832
42.6873
42.191
44.8949
44.2709
43.6885
43.1833
42.6873
42.1908
41.6975
44.9016
44.2696
43.6897
43.1827
42.6873
42.1908
41.6974
41.209
44.9088
44.2674
43.6897
43.1827
42.6876
42.1909
41.6975
41.209
40.725
44.9184
44.9112
44.2653
44.902
44.2679
43.6893
44.8942
44.2699
43.6895
43.1826
44.8891
44.2714
43.6884
43.1827
42.6876
44.8891
44.2718
43.6864
43.1838
42.6874
42.191
44.8942
44.2714
43.6864
43.1848
42.6872
42.1909
41.6976
44.902
44.2699
43.6884
43.1838
42.6872
42.1907
41.6976
41.209
44.9112
44.2679
43.6895
43.1827
42.6874
42.1909
41.6976
41.209
40.725
44.9184
44.2653
43.6893
43.1826
42.6877
42.191
41.6975
41.209
40.725
40.2447
44.9088
44.2645
44.9015
44.2672
43.689
44.8948
44.2693
43.6892
43.1825
44.8906
44.2711
43.6885
43.1826
42.6876
44.8891
44.2721
43.686
43.1839
42.6874
42.191
44.8906
44.2721
43.6841
43.1861
42.6872
42.191
41.6976
44.8948
44.2711
43.686
43.1861
42.6873
42.1905
41.6977
41.2091
44.9016
44.2693
43.6885
43.1839
42.6872
42.1905
41.6977
41.2091
40.725
44.9088
44.2672
43.6892
43.1826
42.6874
42.191
41.6977
41.2091
40.725
40.2447
44.2645
43.689
43.1825
42.6876
42.191
41.6976
41.2091
40.725
40.2447
39.7676
44.8991
44.2653
43.6889
44.8938
44.268
43.6894
43.1824
44.8909
44.27
43.689
43.1824
42.6874
44.8906
44.2717
43.6868
43.1835
42.6873
42.1909
44.8906
44.2725
43.6833
43.1865
42.6873
42.191
41.6976
44.8909
44.2718
43.6833
43.1883
42.6875
42.1903
41.6979
41.2091
44.8938
44.27
43.6868
43.1865
42.6875
42.1897
41.6978
41.2092
40.7251
44.8991
44.268
43.689
43.1835
42.6873
42.1903
41.6978
41.2093
40.725
40.2447
44.2653
43.6894
43.1824
42.6873
42.191
41.6978
41.2092
40.725
40.2446
39.7676
43.6889
43.1824
42.6874
42.1909
41.6976
41.2092
40.7251
40.2447
39.7676
39.2935
44.8927
44.2675
43.6889
43.1824
44.8904
44.2697
43.6891
43.1825
42.6872
44.8909
44.2712
43.6881
43.183
42.6873
42.1908
44.8942
44.272
43.6847
43.1856
42.6873
42.1909
41.6975
44.8909
44.272
43.6823
43.1889
42.6876
42.1902
41.6979
41.2092
44.8904
44.2712
43.6847
43.1889
42.6879
42.1891
41.6978
41.2093
40.7251
44.8927
44.2697
43.6881
43.1855
42.6876
42.1891
41.6976
41.2095
40.7251
40.2447
44.2675
43.6891
43.1829
42.6873
42.1902
41.6978
41.2095
40.7251
40.2446
39.7676
43.6889
43.1825
42.6873
42.1909
41.6978
41.2093
40.7251
40.2446
39.7676
39.2935
43.1823
42.6872
42.1908
41.6975
41.2092
40.7251
40.2447
39.7676
39.2935
38.8222
44.8897
44.2696
43.6892
43.1824
42.6872
44.8904
44.2709
43.6893
43.1825
42.6873
42.1906
44.8948
44.2713
43.6874
43.1839
42.6874
42.1908
41.6974
44.8948
44.2715
43.684
43.1874
42.6877
42.1903
41.6977
41.2091
44.8904
44.2713
43.684
43.1895
42.6883
42.1889
41.6977
41.2094
40.7251
44.8897
44.2709
43.6874
43.1874
42.6883
42.188
41.6972
41.2098
40.7251
40.2448
44.2696
43.6893
43.1838
42.6877
42.1889
41.6972
41.2099
40.7253
40.2446
39.7676
43.6892
43.1825
42.6874
42.1903
41.6977
41.2098
40.7253
40.2446
39.7675
39.2935
43.1824
42.6873
42.1908
41.6977
41.2094
40.7251
40.2446
39.7675
39.2935
38.8221
42.6872
42.1906
41.6974
41.2091
40.7252
40.2448
39.7676
39.2935
38.8221
38.3533
44.8897
44.2707
43.6895
43.1826
42.6872
42.1906
44.8938
44.2709
43.6894
43.1829
42.6873
42.1907
41.6973
44.902
44.2702
43.6871
43.1849
42.6875
42.1906
41.6975
41.209
44.8938
44.2703
43.6852
43.188
42.6882
42.1894
41.6976
41.2093
40.7251
44.8897
44.2709
43.6871
43.1879
42.6887
42.1878
41.697
41.2098
40.7251
40.2448
44.2707
43.6894
43.1849
42.6882
42.1878
41.6965
41.2101
40.7255
40.2446
39.7676
43.6895
43.1828
42.6875
42.1894
41.697
41.2101
40.7257
40.2446
39.7675
39.2935
43.1826
42.6873
42.1906
41.6976
41.2098
40.7255
40.2446
39.7675
39.2935
38.8221
42.6872
42.1907
41.6975
41.2093
40.7252
40.2447
39.7675
39.2935
38.8222
38.3533
42.1906
41.6973
41.2091
40.7251
40.2448
39.7676
39.2935
38.8221
38.3533
37.8867
44.8927
44.2707
43.6896
43.1828
42.6874
42.1906
41.6973
44.9015
44.2697
43.6894
43.1832
42.6874
42.1907
41.6974
41.209
44.9015
44.2695
43.6873
43.1853
42.6877
42.1901
41.6976
41.2091
40.7251
44.8927
44.2697
43.6873
43.1868
42.6885
42.1885
41.6972
41.2096
40.7251
40.2447
44.2707
43.6894
43.1852
42.6885
42.1876
41.6963
41.2101
40.7255
40.2446
39.7676
43.6896
43.1831
42.6876
42.1885
41.6963
41.2102
40.7261
40.2447
39.7675
39.2935
43.1828
42.6874
42.1901
41.6972
41.2101
40.7261
40.2448
39.7674
39.2935
38.8222
42.6874
42.1907
41.6976
41.2096
40.7256
40.2447
39.7674
39.2934
38.8222
38.3533
42.1906
41.6974
41.2091
40.7251
40.2447
39.7675
39.2935
38.8222
38.3533
37.8867
41.6973
41.209
40.7251
40.2447
39.7676
39.2935
38.8222
38.3533
37.8867
37.4221
44.8991
44.2696
43.6896
43.1829
42.6876
42.1907
41.6973
41.209
44.9111
44.2681
43.6892
43.1833
42.6874
42.1906
41.6975
41.209
40.725
44.8991
44.2681
43.6883
43.1846
42.6878
42.1896
41.6974
41.2094
40.725
40.2447
44.2696
43.6892
43.1846
42.6883
42.1883
41.6966
41.2099
40.7254
40.2446
39.7676
43.6896
43.1832
42.6877
42.1883
41.6959
41.2101
40.7261
40.2448
39.7675
39.2935
43.1829
42.6874
42.1896
41.6966
41.2101
40.7265
40.245
39.7674
39.2935
38.8222
42.6876
42.1907
41.6975
41.2099
40.7261
40.245
39.7674
39.2934
38.8222
38.3533
42.1907
41.6975
41.2094
40.7254
40.2448
39.7674
39.2934
38.8222
38.3533
37.8867
41.6973
41.209
40.725
40.2446
39.7675
39.2935
38.8222
38.3533
37.8867
37.4221
41.209
40.725
40.2447
39.7676
39.2935
38.8222
38.3533
37.8867
37.4221
36.9595
44.9088
44.2675
43.6894
43.1829
42.6878
42.1908
41.6974
41.209
40.7251
44.9088
44.2673
43.689
43.1831
42.6874
42.1905
41.6976
41.2092
40.725
40.2447
44.2675
43.689
43.1837
42.6877
42.1895
41.6972
41.2096
40.7252
40.2446
39.7676
43.6894
43.1831
42.6876
42.1888
41.6963
41.21
40.7259
40.2447
39.7675
39.2935
43.1829
42.6874
42.1895
41.6963
41.21
40.7266
40.2451
39.7674
39.2935
38.8222
42.6877
42.1905
41.6972
41.21
40.7266
40.2454
39.7674
39.2933
38.8222
38.3533
42.1908
41.6976
41.2096
40.7259
40.2451
39.7674
39.2932
38.8222
38.3533
37.8867
41.6974
41.2092
40.7252
40.2447
39.7674
39.2933
38.8222
38.3533
37.8867
37.4221
41.209
40.725
40.2446
39.7675
39.2935
38.8222
38.3533
37.8867
37.4221
36.9595
40.7251
40.2447
39.7676
39.2935
38.8222
38.3533
37.8867
37.4221
36.9595
36.4985
44.9184
44.2654
43.6891
43.1828
42.6878
42.1908
41.6975
41.2091
40.7251
40.2447
44.2654
43.6893
43.1827
42.6873
42.1904
41.6976
41.2094
40.7251
40.2446
39.7675
43.6891
43.1827
42.6875
42.1897
41.6971
41.2098
40.7255
40.2447
39.7675
39.2934
43.1828
42.6873
42.1897
41.6966
41.2099
40.7263
40.245
39.7674
39.2935
38.8222
42.6878
42.1905
41.6971
41.2099
40.7267
40.2455
39.7674
39.2933
38.8222
38.3533
42.1908
41.6977
41.2098
40.7263
40.2455
39.7675
39.2932
38.8221
38.3534
37.8867
41.6975
41.2094
40.7255
40.245
39.7674
39.2932
38.8221
38.3533
37.8867
37.4221
41.2091
40.7251
40.2446
39.7674
39.2933
38.8221
38.3533
37.8867
37.4221
36.9595
40.7251
40.2446
39.7675
39.2935
38.8222
38.3534
37.8867
37.4221
36.9595
36.4985
40.2447
39.7675
39.2934
38.8222
38.3533
37.8867
37.4221
36.9595
36.4985
36.0392
44.2646
43.6888
43.1827
42.6877
42.1908
41.6975
41.2092
40.7251
40.2447
39.7675
43.6888
43.1826
42.6873
42.1904
41.6976
41.2095
40.7253
40.2446
39.7675
39.2934
43.1827
42.6873
42.1902
41.6972
41.2098
40.7258
40.2448
39.7674
39.2934
38.8221
42.6877
42.1905
41.6972
41.2098
40.7264
40.2453
39.7674
39.2933
38.8222
38.3533
42.1908
41.6976
41.2098
40.7264
40.2456
39.7676
39.2932
38.8221
38.3534
37.8867
41.6975
41.2095
40.7258
40.2453
39.7676
39.2931
38.822
38.3534
37.8868
37.4221
41.2092
40.7253
40.2448
39.7674
39.2932
38.822
38.3533
37.8868
37.4222
36.9595
40.7251
40.2446
39.7674
39.2933
38.8221
38.3534
37.8868
37.4222
36.9595
36.4985
40.2447
39.7675
39.2934
38.8222
38.3534
37.8867
37.4222
36.9595
36.4985
36.0392
39.7675
39.2934
38.8221
38.3533
37.8867
37.4221
36.9595
36.4985
36.0392
35.5812
43.6887
43.1825
42.6875
42.1907
41.6975
41.2093
40.7252
40.2447
39.7675
39.2934
43.1825
42.6873
42.1905
41.6976
41.2096
40.7254
40.2447
39.7675
39.2934
38.8221
42.6875
42.1905
41.6974
41.2097
40.7259
40.245
39.7674
39.2934
38.8222
38.3533
42.1907
41.6976
41.2097
40.7261
40.2454
39.7675
39.2932
38.8221
38.3533
37.8867
41.6975
41.2096
40.7259
40.2454
39.7676
39.2931
38.822
38.3533
37.8868
37.4221
41.2093
40.7254
40.245
39.7675
39.2931
38.8219
38.3533
37.8868
37.4222
36.9595
40.7252
40.2447
39.7674
39.2932
38.822
38.3533
37.8868
37.4222
36.9595
36.4985
40.2447
39.7675
39.2934
38.8221
38.3533
37.8868
37.4222
36.9595
36.4985
36.0391
39.7675
39.2934
38.8222
38.3533
37.8868
37.4222
36.9595
36.4985
36.0391
35.5812
39.2934
38.8221
38.3533
37.8867
37.4221
36.9595
36.4985
36.0391
35.5812
35.1246
43.1825
42.6873
42.1906
41.6974
41.2093
40.7253
40.2448
39.7675
39.2934
38.8221
42.6873
42.1905
41.6975
41.2095
40.7255
40.2448
39.7675
39.2934
38.8221
38.3533
42.1906
41.6975
41.2095
40.7257
40.245
39.7675
39.2933
38.8221
38.3533
37.8867
41.6975
41.2095
40.7257
40.2452
39.7676
39.2932
38.822
38.3533
37.8867
37.4221
41.2093
40.7254
40.245
39.7676
39.2931
38.8218
38.3532
37.8868
37.4222
36.9595
40.7253
40.2448
39.7675
39.2932
38.8218
38.3532
37.8868
37.4222
36.9595
36.4985
40.2448
39.7675
39.2933
38.822
38.3532
37.8868
37.4223
36.9595
36.4985
36.0392
39.7675
39.2934
38.8221
38.3533
37.8868
37.4222
36.9595
36.4985
36.0391
35.5812
39.2934
38.8221
38.3533
37.8867
37.4222
36.9595
36.4985
36.0391
35.5812
35.1246
38.8221
38.3533
37.8867
37.4221
36.9595
36.4985
36.0392
35.5812
35.1246
34.6693
42.6872
42.1905
41.6974
41.2092
40.7253
40.2448
39.7676
39.2934
38.8221
38.3533
42.1905
41.6974
41.2093
40.7254
40.2448
39.7675
39.2934
38.8221
38.3533
37.8867
41.6974
41.2093
40.7254
40.2449
39.7675
39.2933
38.8221
38.3533
37.8867
37.4221
41.2092
40.7254
40.2449
39.7675
39.2932
38.8219
38.3532
37.8868
37.4222
36.9595
40.7253
40.2448
39.7675
39.2932
38.8218
38.3531
37.8868
37.4222
36.9595
36.4985
40.2448
39.7675
39.2933
38.8219
38.3531
37.8868
37.4223
36.9595
36.4985
36.0392
39.7676
39.2934
38.8221
38.3533
37.8868
37.4223
36.9596
36.4985
36.0391
35.5812
39.2934
38.8221
38.3533
37.8868
37.4222
36.9595
36.4985
36.0391
35.5812
35.1246
38.8221
38.3533
37.8867
37.4222
36.9595
36.4985
36.0391
35.5812
35.1246
34.6693
38.3533
37.8867
37.4221
36.9595
36.4985
36.0392
35.5812
35.1246
34.6693
34.2151
42.1905
41.6973
41.2091
40.7252
40.2448
39.7676
39.2934
38.8221
38.3533
37.8867
41.6973
41.2091
40.7252
40.2447
39.7675
39.2934
38.8221
38.3533
37.8867
37.4221
41.2091
40.7252
40.2448
39.7675
39.2932
38.822
38.3533
37.8867
37.4221
36.9595
40.7252
40.2447
39.7675
39.2932
38.8219
38.3532
37.8868
37.4222
36.9595
36.4985
40.2448
39.7675
39.2932
38.8219
38.3531
37.8867
37.4223
36.9595
36.4985
36.0392
39.7676
39.2934
38.822
38.3532
37.8867
37.4223
36.9596
36.4985
36.0391
35.5812
39.2934
38.8221
38.3533
37.8868
37.4223
36.9596
36.4986
36.0391
35.5812
35.1246
38.8221
38.3533
37.8867
37.4222
36.9595
36.4986
36.0391
35.5812
35.1246
34.6693
38.3533
37.8867
37.4221
36.9595
36.4985
36.0391
35.5812
35.1246
34.6693
34.2151
37.8867
37.4221
36.9595
36.4985
36.0392
35.5812
35.1246
34.6693
34.2151
33.7619
41.6973
41.2091
40.7252
40.2448
39.7676
39.2935
38.8221
38.3533
37.8867
37.4221
41.2091
40.7251
40.2447
39.7675
39.2934
38.8221
38.3533
37.8867
37.4221
36.9595
40.7252
40.2447
39.7674
39.2933
38.822
38.3533
37.8867
37.4222
36.9595
36.4985
40.2448
39.7674
39.2933
38.8219
38.3531
37.8867
37.4223
36.9595
36.4985
36.0391
39.7676
39.2934
38.822
38.3531
37.8867
37.4223
36.9596
36.4986
36.0391
35.5812
39.2935
38.8221
38.3533
37.8867
37.4223
36.9597
36.4986
36.0391
35.5812
35.1246
38.8221
38.3533
37.8868
37.4223
36.9596
36.4986
36.0392
35.5812
35.1246
34.6693
38.3533
37.8867
37.4222
36.9595
36.4986
36.0392
35.5812
35.1246
34.6693
34.2151
37.8867
37.4221
36.9595
36.4985
36.0391
35.5812
35.1246
34.6693
34.2151
33.7619
37.4221
36.9595
36.4985
36.0392
35.5812
35.1246
34.6693
34.2151
33.7619
33.3097
41.2091
40.7251
40.2447
39.7676
39.2935
38.8222
38.3533
37.8867
37.4221
36.9595
40.7251
40.2446
39.7674
39.2933
38.8221
38.3533
37.8867
37.4222
36.9595
36.4985
40.2447
39.7674
39.2933
38.822
38.3532
37.8868
37.4222
36.9595
36.4985
36.0391
39.7676
39.2933
38.822
38.3532
37.8867
37.4223
36.9596
36.4985
36.0391
35.5812
39.2935
38.8221
38.3532
37.8867
37.4223
36.9597
36.4986
36.0392
35.5812
35.1246
38.8222
38.3533
37.8868
37.4223
36.9597
36.4987
36.0392
35.5812
35.1246
34.6693
38.3533
37.8867
37.4222
36.9596
36.4986
36.0392
35.5812
35.1246
34.6693
34.2151
37.8867
37.4222
36.9595
36.4985
36.0392
35.5812
35.1246
34.6693
34.2151
33.7619
37.4221
36.9595
36.4985
36.0391
35.5812
35.1246
34.6693
34.2151
33.7619
33.3097
36.9595
36.4985
36.0391
35.5812
35.1246
34.6693
34.2151
33.7619
33.3097
32.8585
40.7251
40.2447
39.7675
39.2934
38.8222
38.3533
37.8867
37.4221
36.9595
36.4985
40.2447
39.7675
39.2934
38.8221
38.3533
37.8868
37.4222
36.9595
36.4985
36.0392
39.7675
39.2934
38.8221
38.3532
37.8867
37.4222
36.9595
36.4985
36.0391
35.5812
39.2934
38.8221
38.3532
37.8867
37.4223
36.9596
36.4986
36.0391
35.5812
35.1246
38.8222
38.3533
37.8867
37.4223
36.9597
36.4987
36.0392
35.5812
35.1246
34.6693
38.3533
37.8868
37.4222
36.9596
36.4987
36.0392
35.5812
35.1246
34.6693
34.2151
37.8867
37.4222
36.9595
36.4986
36.0392
35.5812
35.1246
34.6693
34.2151
33.7619
37.4221
36.9595
36.4985
36.0391
35.5812
35.1246
34.6693
34.2151
33.7619
33.3097
36.9595
36.4985
36.0391
35.5812
35.1246
34.6693
34.2151
33.7619
33.3097
32.8585
36.4985
36.0392
35.5812
35.1246
34.6693
34.2151
33.7619
33.3097
32.8585
32.4081
40.2447
39.7675
39.2934
38.8221
38.3533
37.8867
37.4222
36.9595
36.4985
36.0392
39.7675
39.2934
38.8221
38.3533
37.8868
37.4222
36.9595
36.4985
36.0391
35.5812
39.2934
38.8221
38.3533
37.8867
37.4222
36.9596
36.4986
36.0391
35.5812
35.1246
38.8221
38.3533
37.8867
37.4222
36.9596
36.4986
36.0392
35.5812
35.1246
34.6693
38.3533
37.8868
37.4222
36.9596
36.4987
36.0392
35.5812
35.1246
34.6693
34.2151
37.8867
37.4222
36.9596
36.4986
36.0392
35.5812
35.1246
34.6693
34.2151
33.7619
37.4222
36.9595
36.4986
36.0392
35.5812
35.1246
34.6693
34.2151
33.7619
33.3097
36.9595
36.4985
36.0391
35.5812
35.1246
34.6693
34.2151
33.7619
33.3097
32.8585
36.4985
36.0391
35.5812
35.1246
34.6693
34.2151
33.7619
33.3097
32.8585
32.4081
36.0392
35.5812
35.1246
34.6693
34.2151
33.7619
33.3097
32.8585
32.4081
31.9584
39.7675
39.2934
38.8221
38.3533
37.8867
37.4222
36.9595
36.4985
36.0392
35.5812
39.2934
38.8221
38.3533
37.8867
37.4222
36.9595
36.4985
36.0391
35.5812
35.1246
38.8221
38.3533
37.8867
37.4222
36.9596
36.4986
36.0392
35.5812
35.1246
34.6693
38.3533
37.8867
37.4222
36.9596
36.4986
36.0392
35.5812
35.1246
34.6693
34.2151
37.8867
37.4222
36.9596
36.4986
36.0392
35.5813
35.1246
34.6693
34.2151
33.7619
37.4222
36.9595
36.4986
36.0392
35.5813
35.1246
34.6693
34.2151
33.7619
33.3097
36.9595
36.4985
36.0392
35.5812
35.1246
34.6693
34.2151
33.7619
33.3097
32.8585
36.4985
36.0391
35.5812
35.1246
34.6693
34.2151
33.7619
33.3097
32.8585
32.4081
36.0392
35.5812
35.1246
34.6693
34.2151
33.7619
33.3097
32.8585
32.4081
31.9584
35.5812
35.1246
34.6693
34.2151
33.7619
33.3097
32.8585
32.4081
31.9584
31.5095
39.2934
38.8221
38.3533
37.8867
37.4222
36.9595
36.4985
36.0391
35.5812
35.1246
38.8221
38.3533
37.8867
37.4222
36.9595
36.4986
36.0392
35.5812
35.1246
34.6693
38.3533
37.8867
37.4222
36.9595
36.4986
36.0392
35.5812
35.1246
34.6693
34.2151
37.8867
37.4222
36.9595
36.4986
36.0392
35.5812
35.1246
34.6693
34.2151
33.7619
37.4222
36.9595
36.4986
36.0392
35.5813
35.1246
34.6693
34.2151
33.7619
33.3097
36.9595
36.4986
36.0392
35.5812
35.1246
34.6693
34.2151
33.7619
33.3097
32.8585
36.4985
36.0392
35.5812
35.1246
34.6693
34.2151
33.7619
33.3097
32.8585
32.4081
36.0391
35.5812
35.1246
34.6693
34.2151
33.7619
33.3097
32.8585
32.4081
31.9584
35.5812
35.1246
34.6693
34.2151
33.7619
33.3097
32.8585
32.4081
31.9584
31.5095
35.1246
34.6693
34.2151
33.7619
33.3097
32.8585
32.4081
31.9584
31.5095
31.0613
38.8221
38.3533
37.8867
37.4222
36.9595
36.4985
36.0392
35.5812
35.1246
34.6693
38.3533
37.8867
37.4222
36.9595
36.4986
36.0392
35.5812
35.1246
34.6693
34.2151
37.8867
37.4222
36.9595
36.4986
36.0392
35.5812
35.1246
34.6693
34.2151
33.7619
37.4222
36.9595
36.4986
36.0392
35.5813
35.1246
34.6693
34.2151
33.7619
33.3097
36.9595
36.4986
36.0392
35.5813
35.1246
34.6693
34.2151
33.7619
33.3097
32.8585
36.4985
36.0392
35.5812
35.1246
34.6693
34.2151
33.7619
33.3097
32.8585
32.4081
36.0392
35.5812
35.1246
34.6693
34.2151
33.7619
33.3097
32.8585
32.4081
31.9584
35.5812
35.1246
34.6693
34.2151
33.7619
33.3097
32.8585
32.4081
31.9584
31.5095
35.1246
34.6693
34.2151
33.7619
33.3097
32.8585
32.4081
31.9584
31.5095
31.0613
34.6693
34.2151
33.7619
33.3097
32.8585
32.4081
31.9584
31.5095
31.0613
30.6137
38.3533
37.8867
37.4221
36.9595
36.4985
36.0392
35.5812
35.1246
34.6693
34.2151
37.8867
37.4222
36.9595
36.4985
36.0392
35.5812
35.1246
34.6693
34.2151
33.7619
37.4221
36.9595
36.4985
36.0392
35.5812
35.1246
34.6693
34.2151
33.7619
33.3097
36.9595
36.4985
36.0392
35.5812
35.1246
34.6693
34.2151
33.7619
33.3097
32.8585
36.4985
36.0392
35.5812
35.1246
34.6693
34.2151
33.7619
33.3097
32.8585
32.4081
36.0392
35.5812
35.1246
34.6693
34.2151
33.7619
33.3097
32.8585
32.4081
31.9584
35.5812
35.1246
34.6693
34.2151
33.7619
33.3097
32.8585
32.4081
31.9584
31.5095
35.1246
34.6693
34.2151
33.7619
33.3097
32.8585
32.4081
31.9584
31.5095
31.0613
34.6693
34.2151
33.7619
33.3097
32.8585
32.4081
31.9584
31.5095
31.0613
30.6137
34.2151
33.7619
33.3097
32.8585
32.4081
31.9584
31.5095
31.0613
30.6137
30.1666
37.8867
37.4221
36.9595
36.4985
36.0392
35.5812
35.1246
34.6693
34.2151
33.7619
37.4221
36.9595
36.4985
36.0392
35.5812
35.1246
34.6693
34.2151
33.7619
33.3097
36.9595
36.4985
36.0392
35.5812
35.1246
34.6693
34.2151
33.7619
33.3097
32.8585
36.4985
36.0392
35.5812
35.1246
34.6693
34.2151
33.7619
33.3097
32.8585
32.4081
36.0392
35.5812
35.1246
34.6693
34.2151
33.7619
33.3097
32.8585
32.4081
31.9584
35.5812
35.1246
34.6693
34.2151
33.7619
33.3097
32.8585
32.4081
31.9584
31.5095
35.1246
34.6693
34.2151
33.7619
33.3097
32.8585
32.4081
31.9584
31.5095
31.0613
34.6693
34.2151
33.7619
33.3097
32.8585
32.4081
31.9584
31.5095
31.0613
30.6137
34.2151
33.7619
33.3097
32.8585
32.4081
31.9584
31.5095
31.0613
30.6137
30.1666
33.7619
33.3097
32.8585
32.4081
31.9584
31.5095
31.0613
30.6137
30.1666
29.7202
37.4222
36.9595
36.4985
36.0392
35.5812
35.1246
34.6693
34.2151
33.7619
33.3097
36.9595
36.4985
36.0391
35.5812
35.1246
34.6693
34.2151
33.7619
33.3097
32.8585
36.4985
36.0391
35.5812
35.1246
34.6693
34.2151
33.7619
33.3097
32.8585
32.4081
36.0392
35.5812
35.1246
34.6693
34.2151
33.7619
33.3097
32.8585
32.4081
31.9584
35.5812
35.1246
34.6693
34.2151
33.7619
33.3097
32.8585
32.4081
31.9584
31.5095
35.1246
34.6693
34.2151
33.7619
33.3097
32.8585
32.4081
31.9584
31.5095
31.0613
34.6693
34.2151
33.7619
33.3097
32.8585
32.4081
31.9584
31.5095
31.0613
30.6137
34.2151
33.7619
33.3097
32.8585
32.4081
31.9584
31.5095
31.0613
30.6137
30.1666
33.7619
33.3097
32.8585
32.4081
31.9584
31.5095
31.0613
30.6137
30.1666
29.7202
33.3097
32.8585
32.4081
31.9584
31.5095
31.0613
30.6137
30.1666
29.7202
29.2742
36.9595
36.4985
36.0391
35.5812
35.1246
34.6693
34.2151
33.7619
33.3097
32.8585
36.4985
36.0391
35.5812
35.1246
34.6693
34.2151
33.7619
33.3097
32.8585
32.4081
36.0391
35.5812
35.1246
34.6693
34.2151
33.7619
33.3097
32.8585
32.4081
31.9584
35.5812
35.1246
34.6693
34.2151
33.7619
33.3097
32.8585
32.4081
31.9584
31.5095
35.1246
34.6693
34.2151
33.7619
33.3097
32.8585
32.4081
31.9584
31.5095
31.0613
34.6693
34.2151
33.7619
33.3097
32.8585
32.4081
31.9584
31.5095
31.0613
30.6137
34.2151
33.7619
33.3097
32.8585
32.4081
31.9584
31.5095
31.0613
30.6137
30.1666
33.7619
33.3097
32.8585
32.4081
31.9584
31.5095
31.0613
30.6137
30.1666
29.7202
33.3097
32.8585
32.4081
31.9584
31.5095
31.0613
30.6137
30.1666
29.7202
29.2742
32.8585
32.4081
31.9584
31.5095
31.0613
30.6137
30.1666
29.7202
29.2742
28.8288
36.4985
36.0392
35.5812
35.1246
34.6693
34.2151
33.7619
33.3097
32.8585
32.4081
36.0392
35.5812
35.1246
34.6693
34.2151
33.7619
33.3097
32.8585
32.4081
31.9584
35.5812
35.1246
34.6693
34.2151
33.7619
33.3097
32.8585
32.4081
31.9584
31.5095
35.1246
34.6693
34.2151
33.7619
33.3097
32.8585
32.4081
31.9584
31.5095
31.0613
34.6693
34.2151
33.7619
33.3097
32.8585
32.4081
31.9584
31.5095
31.0613
30.6137
34.2151
33.7619
33.3097
32.8585
32.4081
31.9584
31.5095
31.0613
30.6137
30.1666
33.7619
33.3097
32.8585
32.4081
31.9584
31.5095
31.0613
30.6137
30.1666
29.7202
33.3097
32.8585
32.4081
31.9584
31.5095
31.0613
30.6137
30.1666
29.7202
29.2742
32.8585
32.4081
31.9584
31.5095
31.0613
30.6137
30.1666
29.7202
29.2742
28.8288
32.4081
31.9584
31.5095
31.0613
30.6137
30.1666
29.7202
29.2742
28.8288
28.3838
36.0392
35.5812
35.1246
34.6693
34.2151
33.7619
33.3097
32.8585
32.4081
31.9584
35.5812
35.1246
34.6693
34.2151
33.7619
33.3097
32.8585
32.4081
31.9584
31.5095
35.1246
34.6693
34.2151
33.7619
33.3097
32.8585
32.4081
31.9584
31.5095
31.0613
34.6693
34.2151
33.7619
33.3097
32.8585
32.4081
31.9584
31.5095
31.0613
30.6137
34.2151
33.7619
33.3097
32.8585
32.4081
31.9584
31.5095
31.0613
30.6137
30.1666
33.7619
33.3097
32.8585
32.4081
31.9584
31.5095
31.0613
30.6137
30.1666
29.7202
33.3097
32.8585
32.4081
31.9584
31.5095
31.0613
30.6137
30.1666
29.7202
29.2742
32.8585
32.4081
31.9584
31.5095
31.0613
30.6137
30.1666
29.7202
29.2742
28.8288
32.4081
31.9584
31.5095
31.0613
30.6137
30.1666
29.7202
29.2742
28.8288
28.3838
31.9584
31.5095
31.0613
30.6137
30.1666
29.7202
29.2742
28.8288
28.3838
27.9392
35.5812
35.1246
34.6693
34.2151
33.7619
33.3097
32.8585
32.4081
31.9584
31.5095
35.1246
34.6693
34.2151
33.7619
33.3097
32.8585
32.4081
31.9584
31.5095
31.0613
34.6693
34.2151
33.7619
33.3097
32.8585
32.4081
31.9584
31.5095
31.0613
30.6137
34.2151
33.7619
33.3097
32.8585
32.4081
31.9584
31.5095
31.0613
30.6137
30.1666
33.7619
33.3097
32.8585
32.4081
31.9584
31.5095
31.0613
30.6137
30.1666
29.7202
33.3097
32.8585
32.4081
31.9584
31.5095
31.0613
30.6137
30.1666
29.7202
29.2742
32.8585
32.4081
31.9584
31.5095
31.0613
30.6137
30.1666
29.7202
29.2742
28.8288
32.4081
31.9584
31.5095
31.0613
30.6137
30.1666
29.7202
29.2742
28.8288
28.3838
31.9584
31.5095
31.0613
30.6137
30.1666
29.7202
29.2742
28.8288
28.3838
27.9392
31.5095
31.0613
30.6137
30.1666
29.7202
29.2742
28.8288
28.3838
27.9392
27.495
35.1246
34.6693
34.2151
33.7619
33.3097
32.8585
32.4081
31.9584
31.5095
31.0613
34.6693
34.2151
33.7619
33.3097
32.8585
32.4081
31.9584
31.5095
31.0613
30.6137
34.2151
33.7619
33.3097
32.8585
32.4081
31.9584
31.5095
31.0613
30.6137
30.1666
33.7619
33.3097
32.8585
32.4081
31.9584
31.5095
31.0613
30.6137
30.1666
29.7202
33.3097
32.8585
32.4081
31.9584
31.5095
31.0613
30.6137
30.1666
29.7202
29.2742
32.8585
32.4081
31.9584
31.5095
31.0613
30.6137
30.1666
29.7202
29.2742
28.8288
32.4081
31.9584
31.5095
31.0613
30.6137
30.1666
29.7202
29.2742
28.8288
28.3838
31.9584
31.5095
31.0613
30.6137
30.1666
29.7202
29.2742
28.8288
28.3838
27.9392
31.5095
31.0613
30.6137
30.1666
29.7202
29.2742
28.8288
28.3838
27.9392
27.495
31.0613
30.6137
30.1666
29.7202
29.2742
28.8288
28.3838
27.9392
27.495
27.0511
34.6693
34.2151
33.7619
33.3097
32.8585
32.4081
31.9584
31.5095
31.0613
30.6137
34.2151
33.7619
33.3097
32.8585
32.4081
31.9584
31.5095
31.0613
30.6137
30.1666
33.7619
33.3097
32.8585
32.4081
31.9584
31.5095
31.0613
30.6137
30.1666
29.7202
33.3097
32.8585
32.4081
31.9584
31.5095
31.0613
30.6137
30.1666
29.7202
29.2742
32.8585
32.4081
31.9584
31.5095
31.0613
30.6137
30.1666
29.7202
29.2742
28.8288
32.4081
31.9584
31.5095
31.0613
30.6137
30.1666
29.7202
29.2742
28.8288
28.3838
31.9584
31.5095
31.0613
30.6137
30.1666
29.7202
29.2742
28.8288
28.3838
27.9392
31.5095
31.0613
30.6137
30.1666
29.7202
29.2742
28.8288
28.3838
27.9392
27.495
31.0613
30.6137
30.1666
29.7202
29.2742
28.8288
28.3838
27.9392
27.495
27.0511
30.6137
30.1666
29.7202
29.2742
28.8288
28.3838
27.9392
27.495
27.0511
26.6076
34.2151
33.7619
33.3097
32.8585
32.4081
31.9584
31.5095
31.0613
30.6137
30.1666
33.7619
33.3097
32.8585
32.4081
31.9584
31.5095
31.0613
30.6137
30.1666
29.7202
33.3097
32.8585
32.4081
31.9584
31.5095
31.0613
30.6137
30.1666
29.7202
29.2742
32.8585
32.4081
31.9584
31.5095
31.0613
30.6137
30.1666
29.7202
29.2742
28.8288
32.4081
31.9584
31.5095
31.0613
30.6137
30.1666
29.7202
29.2742
28.8288
28.3838
31.9584
31.5095
31.0613
30.6137
30.1666
29.7202
29.2742
28.8288
28.3838
27.9392
31.5095
31.0613
30.6137
30.1666
29.7202
29.2742
28.8288
28.3838
27.9392
27.495
31.0613
30.6137
30.1666
29.7202
29.2742
28.8288
28.3838
27.9392
27.495
27.0511
30.6137
30.1666
29.7202
29.2742
28.8288
28.3838
27.9392
27.495
27.0511
26.6076
30.1666
29.7202
29.2742
28.8288
28.3838
27.9392
27.495
27.0511
26.6076
26.1644
33.7619
33.3097
32.8585
32.4081
31.9584
31.5095
31.0613
30.6137
30.1666
29.7202
33.3097
32.8585
32.4081
31.9584
31.5095
31.0613
30.6137
30.1666
29.7202
29.2742
32.8585
32.4081
31.9584
31.5095
31.0613
30.6137
30.1666
29.7202
29.2742
28.8288
32.4081
31.9584
31.5095
31.0613
30.6137
30.1666
29.7202
29.2742
28.8288
28.3838
31.9584
31.5095
31.0613
30.6137
30.1666
29.7202
29.2742
28.8288
28.3838
27.9392
31.5095
31.0613
30.6137
30.1666
29.7202
29.2742
28.8288
28.3838
27.9392
27.495
31.0613
30.6137
30.1666
29.7202
29.2742
28.8288
28.3838
27.9392
27.495
27.0511
30.6137
30.1666
29.7202
29.2742
28.8288
28.3838
27.9392
27.495
27.0511
26.6076
30.1666
29.7202
29.2742
28.8288
28.3838
27.9392
27.495
27.0511
26.6076
26.1644
29.7202
29.2742
28.8288
28.3838
27.9392
27.495
27.0511
26.6076
26.1644
25.7215
33.3097
32.8585
32.4081
31.9584
31.5095
31.0613
30.6137
30.1666
29.7202
29.2742
32.8585
32.4081
31.9584
31.5095
31.0613
30.6137
30.1666
29.7202
29.2742
28.8288
32.4081
31.9584
31.5095
31.0613
30.6137
30.1666
29.7202
29.2742
28.8288
28.3838
31.9584
31.5095
31.0613
30.6137
30.1666
29.7202
29.2742
28.8288
28.3838
27.9392
31.5095
31.0613
30.6137
30.1666
29.7202
29.2742
28.8288
28.3838
27.9392
27.495
31.0613
30.6137
30.1666
29.7202
29.2742
28.8288
28.3838
27.9392
27.495
27.0511
30.6137
30.1666
29.7202
29.2742
28.8288
28.3838
27.9392
27.495
27.0511
26.6076
30.1666
29.7202
29.2742
28.8288
28.3838
27.9392
27.495
27.0511
26.6076
26.1644
29.7202
29.2742
28.8288
28.3838
27.9392
27.495
27.0511
26.6076
26.1644
25.7215
29.2742
28.8288
28.3838
27.9392
27.495
27.0511
26.6076
26.1644
25.7215
25.2789
32.8585
32.4081
31.9584
31.5095
31.0613
30.6137
30.1666
29.7202
29.2742
28.8288
32.4081
31.9584
31.5095
31.0613
30.6137
30.1666
29.7202
29.2742
28.8288
28.3838
31.9584
31.5095
31.0613
30.6137
30.1666
29.7202
29.2742
28.8288
28.3838
27.9392
31.5095
31.0613
30.6137
30.1666
29.7202
29.2742
28.8288
28.3838
27.9392
27.495
31.0613
30.6137
30.1666
29.7202
29.2742
28.8288
28.3838
27.9392
27.495
27.0511
30.6137
30.1666
29.7202
29.2742
28.8288
28.3838
27.9392
27.495
27.0511
26.6076
30.1666
29.7202
29.2742
28.8288
28.3838
27.9392
27.495
27.0511
26.6076
26.1644
29.7202
29.2742
28.8288
28.3838
27.9392
27.495
27.0511
26.6076
26.1644
25.7215
29.2742
28.8288
28.3838
27.9392
27.495
27.0511
26.6076
26.1644
25.7215
25.2789
28.8288
28.3838
27.9392
27.495
27.0511
26.6076
26.1644
25.7215
25.2789
24.8365
32.4081
31.9584
31.5095
31.0613
30.6137
30.1666
29.7202
29.2742
28.8288
28.3838
31.9584
31.5095
31.0613
30.6137
30.1666
29.7202
29.2742
28.8288
28.3838
27.9392
31.5095
31.0613
30.6137
30.1666
29.7202
29.2742
28.8288
28.3838
27.9392
27.495
31.0613
30.6137
30.1666
29.7202
29.2742
28.8288
28.3838
27.9392
27.495
27.0511
30.6137
30.1666
29.7202
29.2742
28.8288
28.3838
27.9392
27.495
27.0511
26.6076
30.1666
29.7202
29.2742
28.8288
28.3838
27.9392
27.495
27.0511
26.6076
26.1644
29.7202
29.2742
28.8288
28.3838
27.9392
27.495
27.0511
26.6076
26.1644
25.7215
29.2742
28.8288
28.3838
27.9392
27.495
27.0511
26.6076
26.1644
25.7215
25.2789
28.8288
28.3838
27.9392
27.495
27.0511
26.6076
26.1644
25.7215
25.2789
24.8365
28.3838
27.9392
27.495
27.0511
26.6076
26.1644
25.7215
25.2789
24.8365
24.3943
31.9584
31.5095
31.0613
30.6137
30.1666
29.7202
29.2742
28.8288
28.3838
27.9392
31.5095
31.0613
30.6137
30.1666
29.7202
29.2742
28.8288
28.3838
27.9392
27.495
31.0613
30.6137
30.1666
29.7202
29.2742
28.8288
28.3838
27.9392
27.495
27.0511
30.6137
30.1666
29.7202
29.2742
28.8288
28.3838
27.9392
27.495
27.0511
26.6076
30.1666
29.7202
29.2742
28.8288
28.3838
27.9392
27.495
27.0511
26.6076
26.1644
29.7202
29.2742
28.8288
28.3838
27.9392
27.495
27.0511
26.6076
26.1644
25.7215
29.2742
28.8288
28.3838
27.9392
27.495
27.0511
26.6076
26.1644
25.7215
25.2789
28.8288
28.3838
27.9392
27.495
27.0511
26.6076
26.1644
25.7215
25.2789
24.8365
28.3838
27.9392
27.495
27.0511
26.6076
26.1644
25.7215
25.2789
24.8365
24.3943
27.9392
27.495
27.0511
26.6076
26.1644
25.7215
25.2789
24.8365
24.3943
23.9524
31.5095
31.0613
30.6137
30.1666
29.7202
29.2742
28.8288
28.3838
27.9392
27.495
31.0613
30.6137
30.1666
29.7202
29.2742
28.8288
28.3838
27.9392
27.495
27.0511
30.6137
30.1666
29.7202
29.2742
28.8288
28.3838
27.9392
27.495
27.0511
26.6076
30.1666
29.7202
29.2742
28.8288
28.3838
27.9392
27.495
27.0511
26.6076
26.1644
29.7202
29.2742
28.8288
28.3838
27.9392
27.495
27.0511
26.6076
26.1644
25.7215
29.2742
28.8288
28.3838
27.9392
27.495
27.0511
26.6076
26.1644
25.7215
25.2789
28.8288
28.3838
27.9392
27.495
27.0511
26.6076
26.1644
25.7215
25.2789
24.8365
28.3838
27.9392
27.495
27.0511
26.6076
26.1644
25.7215
25.2789
24.8365
24.3943
27.9392
27.495
27.0511
26.6076
26.1644
25.7215
25.2789
24.8365
24.3943
23.9524
27.495
27.0511
26.6076
26.1644
25.7215
25.2789
24.8365
24.3943
23.9524
23.5107
31.0613
30.6137
30.1666
29.7202
29.2742
28.8288
28.3838
27.9392
27.495
27.0511
30.6137
30.1666
29.7202
29.2742
28.8288
28.3838
27.9392
27.495
27.0511
26.6076
30.1666
29.7202
29.2742
28.8288
28.3838
27.9392
27.495
27.0511
26.6076
26.1644
29.7202
29.2742
28.8288
28.3838
27.9392
27.495
27.0511
26.6076
26.1644
25.7215
29.2742
28.8288
28.3838
27.9392
27.495
27.0511
26.6076
26.1644
25.7215
25.2789
28.8288
28.3838
27.9392
27.495
27.0511
26.6076
26.1644
25.7215
25.2789
24.8365
28.3838
27.9392
27.495
27.0511
26.6076
26.1644
25.7215
25.2789
24.8365
24.3943
27.9392
27.495
27.0511
26.6076
26.1644
25.7215
25.2789
24.8365
24.3943
23.9524
27.495
27.0511
26.6076
26.1644
25.7215
25.2789
24.8365
24.3943
23.9524
23.5107
27.0511
26.6076
26.1644
25.7215
25.2789
24.8365
24.3943
23.9524
23.5107
23.0692
30.6137
30.1666
29.7202
29.2742
28.8288
28.3838
27.9392
27.495
27.0511
26.6076
30.1666
29.7202
29.2742
28.8288
28.3838
27.9392
27.495
27.0511
26.6076
26.1644
29.7202
29.2742
28.8288
28.3838
27.9392
27.495
27.0511
26.6076
26.1644
25.7215
29.2742
28.8288
28.3838
27.9392
27.495
27.0511
26.6076
26.1644
25.7215
25.2789
28.8288
28.3838
27.9392
27.495
27.0511
26.6076
26.1644
25.7215
25.2789
24.8365
28.3838
27.9392
27.495
27.0511
26.6076
26.1644
25.7215
25.2789
24.8365
24.3943
27.9392
27.495
27.0511
26.6076
26.1644
25.7215
25.2789
24.8365
24.3943
23.9524
27.495
27.0511
26.6076
26.1644
25.7215
25.2789
24.8365
24.3943
23.9524
23.5107
27.0511
26.6076
26.1644
25.7215
25.2789
24.8365
24.3943
23.9524
23.5107
23.0692
26.6076
26.1644
25.7215
25.2789
24.8365
24.3943
23.9524
23.5107
23.0692
22.6279
30.1666
29.7202
29.2742
28.8288
28.3838
27.9392
27.495
27.0511
26.6076
26.1644
29.7202
29.2742
28.8288
28.3838
27.9392
27.495
27.0511
26.6076
26.1644
25.7215
29.2742
28.8288
28.3838
27.9392
27.495
27.0511
26.6076
26.1644
25.7215
25.2789
28.8288
28.3838
27.9392
27.495
27.0511
26.6076
26.1644
25.7215
25.2789
24.8365
28.3838
27.9392
27.495
27.0511
26.6076
26.1644
25.7215
25.2789
24.8365
24.3943
27.9392
27.495
27.0511
26.6076
26.1644
25.7215
25.2789
24.8365
24.3943
23.9524
27.495
27.0511
26.6076
26.1644
25.7215
25.2789
24.8365
24.3943
23.9524
23.5107
27.0511
26.6076
26.1644
25.7215
25.2789
24.8365
24.3943
23.9524
23.5107
23.0692
26.6076
26.1644
25.7215
25.2789
24.8365
24.3943
23.9524
23.5107
23.0692
22.6279
26.1644
25.7215
25.2789
24.8365
24.3943
23.9524
23.5107
23.0692
22.6279
22.1867
29.7202
29.2742
28.8288
28.3838
27.9392
27.495
27.0511
26.6076
26.1644
25.7215
29.2742
28.8288
28.3838
27.9392
27.495
27.0511
26.6076
26.1644
25.7215
25.2789
28.8288
28.3838
27.9392
27.495
27.0511
26.6076
26.1644
25.7215
25.2789
24.8365
28.3838
27.9392
27.495
27.0511
26.6076
26.1644
25.7215
25.2789
24.8365
24.3943
27.9392
27.495
27.0511
26.6076
26.1644
25.7215
25.2789
24.8365
24.3943
23.9524
27.495
27.0511
26.6076
26.1644
25.7215
25.2789
24.8365
24.3943
23.9524
23.5107
27.0511
26.6076
26.1644
25.7215
25.2789
24.8365
24.3943
23.9524
23.5107
23.0692
26.6076
26.1644
25.7215
25.2789
24.8365
24.3943
23.9524
23.5107
23.0692
22.6279
26.1644
25.7215
25.2789
24.8365
24.3943
23.9524
23.5107
23.0692
22.6279
22.1867
25.7215
25.2789
24.8365
24.3943
23.9524
23.5107
23.0692
22.6279
22.1867
21.7457
29.2742
28.8288
28.3838
27.9392
27.495
27.0511
26.6076
26.1644
25.7215
25.2789
28.8288
28.3838
27.9392
27.495
27.0511
26.6076
26.1644
25.7215
25.2789
24.8365
28.3838
27.9392
27.495
27.0511
26.6076
26.1644
25.7215
25.2789
24.8365
24.3943
27.9392
27.495
27.0511
26.6076
26.1644
25.7215
25.2789
24.8365
24.3943
23.9524
27.495
27.0511
26.6076
26.1644
25.7215
25.2789
24.8365
24.3943
23.9524
23.5107
27.0511
26.6076
26.1644
25.7215
25.2789
24.8365
24.3943
23.9524
23.5107
23.0692
26.6076
26.1644
25.7215
25.2789
24.8365
24.3943
23.9524
23.5107
23.0692
22.6279
26.1644
25.7215
25.2789
24.8365
24.3943
23.9524
23.5107
23.0692
22.6279
22.1867
25.7215
25.2789
24.8365
24.3943
23.9524
23.5107
23.0692
22.6279
22.1867
21.7457
25.2789
24.8365
24.3943
23.9524
23.5107
23.0692
22.6279
22.1867
21.7457
21.3048
28.8288
28.3838
27.9392
27.495
27.0511
26.6076
26.1644
25.7215
25.2789
24.8365
28.3838
27.9392
27.495
27.0511
26.6076
26.1644
25.7215
25.2789
24.8365
24.3943
27.9392
27.495
27.0511
26.6076
26.1644
25.7215
25.2789
24.8365
24.3943
23.9524
27.495
27.0511
26.6076
26.1644
25.7215
25.2789
24.8365
24.3943
23.9524
23.5107
27.0511
26.6076
26.1644
25.7215
25.2789
24.8365
24.3943
23.9524
23.5107
23.0692
26.6076
26.1644
25.7215
25.2789
24.8365
24.3944
23.9524
23.5107
23.0692
22.6279
26.1644
25.7215
25.2789
24.8365
24.3943
23.9524
23.5107
23.0692
22.6279
22.1867
25.7215
25.2789
24.8365
24.3943
23.9524
23.5107
23.0692
22.6279
22.1867
21.7457
25.2789
24.8365
24.3943
23.9524
23.5107
23.0692
22.6279
22.1867
21.7457
21.3048
24.8365
24.3943
23.9524
23.5107
23.0692
22.6279
22.1867
21.7457
21.3048
20.8641
28.3838
27.9392
27.495
27.0511
26.6076
26.1644
25.7215
25.2789
24.8365
24.3943
27.9392
27.495
27.0511
26.6076
26.1644
25.7215
25.2789
24.8365
24.3943
23.9524
27.495
27.0511
26.6076
26.1644
25.7215
25.2789
24.8365
24.3943
23.9524
23.5107
27.0511
26.6076
26.1644
25.7215
25.2789
24.8365
24.3943
23.9524
23.5107
23.0692
26.6076
26.1644
25.7215
25.2789
24.8365
24.3944
23.9524
23.5107
23.0692
22.6279
26.1644
25.7215
25.2789
24.8365
24.3944
23.9524
23.5107
23.0692
22.6279
22.1867
25.7215
25.2789
24.8365
24.3943
23.9524
23.5107
23.0692
22.6279
22.1867
21.7457
25.2789
24.8365
24.3943
23.9524
23.5107
23.0692
22.6279
22.1867
21.7457
21.3048
24.8365
24.3943
23.9524
23.5107
23.0692
22.6279
22.1867
21.7457
21.3048
20.8641
24.3943
23.9524
23.5107
23.0692
22.6279
22.1867
21.7457
21.3048
20.8641
20.4235
27.9392
27.495
27.0511
26.6076
26.1644
25.7215
25.2789
24.8365
24.3943
23.9524
27.495
27.0511
26.6076
26.1644
25.7215
25.2789
24.8365
24.3943
23.9524
23.5107
27.0511
26.6076
26.1644
25.7215
25.2789
24.8365
24.3943
23.9524
23.5107
23.0692
26.6076
26.1644
25.7215
25.2789
24.8365
24.3943
23.9524
23.5107
23.0692
22.6279
26.1644
25.7215
25.2789
24.8365
24.3944
23.9524
23.5107
23.0692
22.6279
22.1867
25.7215
25.2789
24.8365
24.3943
23.9524
23.5107
23.0692
22.6279
22.1867
21.7457
25.2789
24.8365
24.3943
23.9524
23.5107
23.0692
22.6279
22.1867
21.7457
21.3048
24.8365
24.3943
23.9524
23.5107
23.0692
22.6279
22.1867
21.7457
21.3048
20.8641
24.3943
23.9524
23.5107
23.0692
22.6279
22.1867
21.7457
21.3048
20.8641
20.4235
23.9524
23.5107
23.0692
22.6279
22.1867
21.7457
21.3048
20.8641
20.4235
19.9831
27.495
27.0511
26.6076
26.1644
25.7215
25.2789
24.8365
24.3943
23.9524
23.5107
27.0511
26.6076
26.1644
25.7215
25.2789
24.8365
24.3943
23.9524
23.5107
23.0692
26.6076
26.1644
25.7215
25.2789
24.8365
24.3943
23.9524
23.5107
23.0692
22.6279
26.1644
25.7215
25.2789
24.8365
24.3943
23.9524
23.5107
23.0692
22.6279
22.1867
25.7215
25.2789
24.8365
24.3943
23.9524
23.5107
23.0692
22.6279
22.1867
21.7457
25.2789
24.8365
24.3943
23.9524
23.5107
23.0692
22.6279
22.1867
21.7457
21.3048
24.8365
24.3943
23.9524
23.5107
23.0692
22.6279
22.1867
21.7457
21.3048
20.8641
24.3943
23.9524
23.5107
23.0692
22.6279
22.1867
21.7457
21.3048
20.8641
20.4235
23.9524
23.5107
23.0692
22.6279
22.1867
21.7457
21.3048
20.8641
20.4235
19.9831
23.5107
23.0692
22.6279
22.1867
21.7457
21.3048
20.8641
20.4235
19.9831
19.5427
27.0511
26.6076
26.1644
25.7215
25.2789
24.8365
24.3943
23.9524
23.5107
23.0692
26.6076
26.1644
25.7215
25.2789
24.8365
24.3943
23.9524
23.5107
23.0692
22.6279
26.1644
25.7215
25.2789
24.8365
24.3943
23.9524
23.5107
23.0692
22.6279
22.1867
25.7215
25.2789
24.8365
24.3943
23.9524
23.5107
23.0692
22.6279
22.1867
21.7457
25.2789
24.8365
24.3943
23.9524
23.5107
23.0692
22.6279
22.1867
21.7457
21.3048
24.8365
24.3943
23.9524
23.5107
23.0692
22.6279
22.1867
21.7457
21.3048
20.8641
24.3943
23.9524
23.5107
23.0692
22.6279
22.1867
21.7457
21.3048
20.8641
20.4235
23.9524
23.5107
23.0692
22.6279
22.1867
21.7457
21.3048
20.8641
20.4235
19.9831
23.5107
23.0692
22.6279
22.1867
21.7457
21.3048
20.8641
20.4235
19.9831
19.5427
23.0692
22.6279
22.1867
21.7457
21.3048
20.8641
20.4235
19.9831
19.5427
19.1025
26.6076
26.1644
25.7215
25.2789
24.8365
24.3943
23.9524
23.5107
23.0692
22.6279
26.1644
25.7215
25.2789
24.8365
24.3943
23.9524
23.5107
23.0692
22.6279
22.1867
25.7215
25.2789
24.8365
24.3943
23.9524
23.5107
23.0692
22.6279
22.1867
21.7457
25.2789
24.8365
24.3943
23.9524
23.5107
23.0692
22.6279
22.1867
21.7457
21.3048
24.8365
24.3943
23.9524
23.5107
23.0692
22.6279
22.1867
21.7457
21.3048
20.8641
24.3943
23.9524
23.5107
23.0692
22.6279
22.1867
21.7457
21.3048
20.8641
20.4235
23.9524
23.5107
23.0692
22.6279
22.1867
21.7457
21.3048
20.8641
20.4235
19.9831
23.5107
23.0692
22.6279
22.1867
21.7457
21.3048
20.8641
20.4235
19.9831
19.5427
23.0692
22.6279
22.1867
21.7457
21.3048
20.8641
20.4235
19.9831
19.5427
19.1025
22.6279
22.1867
21.7457
21.3048
20.8641
20.4235
19.9831
19.5427
19.1025
18.6623
26.1644
25.7215
25.2789
24.8365
24.3943
23.9524
23.5107
23.0692
22.6279
22.1867
25.7215
25.2789
24.8365
24.3943
23.9524
23.5107
23.0692
22.6279
22.1867
21.7457
25.2789
24.8365
24.3943
23.9524
23.5107
23.0692
22.6279
22.1867
21.7457
21.3048
24.8365
24.3943
23.9524
23.5107
23.0692
22.6279
22.1867
21.7457
21.3048
20.8641
24.3943
23.9524
23.5107
23.0692
22.6279
22.1867
21.7457
21.3048
20.8641
20.4235
23.9524
23.5107
23.0692
22.6279
22.1867
21.7457
21.3048
20.8641
20.4235
19.9831
23.5107
23.0692
22.6279
22.1867
21.7457
21.3048
20.8641
20.4235
19.9831
19.5427
23.0692
22.6279
22.1867
21.7457
21.3048
20.8641
20.4235
19.9831
19.5427
19.1025
22.6279
22.1867
21.7457
21.3048
20.8641
20.4235
19.9831
19.5427
19.1025
18.6623
22.1867
21.7457
21.3048
20.8641
20.4235
19.9831
19.5427
19.1025
18.6623
18.2223
25.7215
25.2789
24.8365
24.3943
23.9524
23.5107
23.0692
22.6279
22.1867
21.7457
25.2789
24.8365
24.3943
23.9524
23.5107
23.0692
22.6279
22.1867
21.7457
21.3048
24.8365
24.3943
23.9524
23.5107
23.0692
22.6279
22.1867
21.7457
21.3048
20.8641
24.3943
23.9524
23.5107
23.0692
22.6279
22.1867
21.7457
21.3048
20.8641
20.4235
23.9524
23.5107
23.0692
22.6279
22.1867
21.7457
21.3048
20.8641
20.4235
19.9831
23.5107
23.0692
22.6279
22.1867
21.7457
21.3048
20.8641
20.4235
19.9831
19.5427
23.0692
22.6279
22.1867
21.7457
21.3048
20.8641
20.4235
19.9831
19.5427
19.1025
22.6279
22.1867
21.7457
21.3048
20.8641
20.4235
19.9831
19.5427
19.1025
18.6623
22.1867
21.7457
21.3048
20.8641
20.4235
19.9831
19.5427
19.1025
18.6623
18.2223
21.7457
21.3048
20.8641
20.4235
19.9831
19.5427
19.1025
18.6623
18.2223
17.7823
25.2789
24.8365
24.3943
23.9524
23.5107
23.0692
22.6279
22.1867
21.7457
21.3048
24.8365
24.3943
23.9524
23.5107
23.0692
22.6279
22.1867
21.7457
21.3048
20.8641
24.3943
23.9524
23.5107
23.0692
22.6279
22.1867
21.7457
21.3048
20.8641
20.4235
23.9524
23.5107
23.0692
22.6279
22.1867
21.7457
21.3048
20.8641
20.4235
19.9831
23.5107
23.0692
22.6279
22.1867
21.7457
21.3048
20.8641
20.4235
19.9831
19.5427
23.0692
22.6279
22.1867
21.7457
21.3048
20.8641
20.4235
19.9831
19.5427
19.1025
22.6279
22.1867
21.7457
21.3048
20.8641
20.4235
19.9831
19.5427
19.1025
18.6623
22.1867
21.7457
21.3048
20.8641
20.4235
19.9831
19.5427
19.1025
18.6623
18.2223
21.7457
21.3048
20.8641
20.4235
19.9831
19.5427
19.1025
18.6623
18.2223
17.7823
21.3048
20.8641
20.4235
19.9831
19.5427
19.1025
18.6623
18.2223
17.7823
17.3425
24.8365
24.3943
23.9524
23.5107
23.0692
22.6279
22.1867
21.7457
21.3048
20.8641
24.3943
23.9524
23.5107
23.0692
22.6279
22.1867
21.7457
21.3048
20.8641
20.4235
23.9524
23.5107
23.0692
22.6279
22.1867
21.7457
21.3048
20.8641
20.4235
19.9831
23.5107
23.0692
22.6279
22.1867
21.7457
21.3048
20.8641
20.4235
19.9831
19.5427
23.0692
22.6279
22.1867
21.7457
21.3048
20.8641
20.4235
19.9831
19.5427
19.1025
22.6279
22.1867
21.7457
21.3048
20.8641
20.4235
19.9831
19.5427
19.1025
18.6623
22.1867
21.7457
21.3048
20.8641
20.4235
19.9831
19.5427
19.1025
18.6623
18.2223
21.7457
21.3048
20.8641
20.4235
19.9831
19.5427
19.1025
18.6623
18.2223
17.7823
21.3048
20.8641
20.4235
19.9831
19.5427
19.1025
18.6623
18.2223
17.7823
17.3425
20.8641
20.4235
19.9831
19.5427
19.1025
18.6623
18.2223
17.7823
17.3425
16.9027
24.3943
23.9524
23.5107
23.0692
22.6279
22.1867
21.7457
21.3048
20.8641
20.4235
23.9524
23.5107
23.0692
22.6279
22.1867
21.7457
21.3048
20.8641
20.4235
19.9831
23.5107
23.0692
22.6279
22.1867
21.7457
21.3048
20.8641
20.4235
19.9831
19.5427
23.0692
22.6279
22.1867
21.7457
21.3048
20.8641
20.4235
19.9831
19.5427
19.1025
22.6279
22.1867
21.7457
21.3048
20.8641
20.4235
19.9831
19.5427
19.1025
18.6623
22.1867
21.7457
21.3048
20.8641
20.4235
19.9831
19.5427
19.1025
18.6623
18.2223
21.7457
21.3048
20.8641
20.4235
19.9831
19.5427
19.1025
18.6623
18.2223
17.7823
21.3048
20.8641
20.4235
19.9831
19.5427
19.1025
18.6623
18.2223
17.7823
17.3425
20.8641
20.4235
19.9831
19.5427
19.1025
18.6623
18.2223
17.7823
17.3425
16.9027
20.4235
19.9831
19.5427
19.1025
18.6623
18.2223
17.7823
17.3425
16.9027
16.463
23.9524
23.5107
23.0692
22.6279
22.1867
21.7457
21.3048
20.8641
20.4235
19.9831
23.5107
23.0692
22.6279
22.1867
21.7457
21.3048
20.8641
20.4235
19.9831
19.5427
23.0692
22.6279
22.1867
21.7457
21.3048
20.8641
20.4235
19.9831
19.5427
19.1025
22.6279
22.1867
21.7457
21.3048
20.8641
20.4235
19.9831
19.5427
19.1025
18.6623
22.1867
21.7457
21.3048
20.8641
20.4235
19.9831
19.5427
19.1025
18.6623
18.2223
21.7457
21.3048
20.8641
20.4235
19.9831
19.5427
19.1025
18.6623
18.2223
17.7823
21.3048
20.8641
20.4235
19.9831
19.5427
19.1025
18.6623
18.2223
17.7823
17.3425
20.8641
20.4235
19.9831
19.5427
19.1025
18.6623
18.2223
17.7823
17.3425
16.9027
20.4235
19.9831
19.5427
19.1025
18.6623
18.2223
17.7823
17.3425
16.9027
16.463
19.9831
19.5427
19.1025
18.6623
18.2223
17.7823
17.3425
16.9027
16.463
16.0233
23.5107
23.0692
22.6279
22.1867
21.7457
21.3048
20.8641
20.4235
19.9831
19.5427
23.0692
22.6279
22.1867
21.7457
21.3048
20.8641
20.4235
19.9831
19.5427
19.1025
22.6279
22.1867
21.7457
21.3048
20.8641
20.4235
19.9831
19.5427
19.1025
18.6623
22.1867
21.7457
21.3048
20.8641
20.4235
19.9831
19.5427
19.1025
18.6623
18.2223
21.7457
21.3048
20.8641
20.4235
19.9831
19.5427
19.1025
18.6623
18.2223
17.7823
21.3048
20.8641
20.4235
19.9831
19.5427
19.1025
18.6623
18.2223
17.7823
17.3425
20.8641
20.4235
19.9831
19.5427
19.1025
18.6623
18.2223
17.7823
17.3425
16.9027
20.4235
19.9831
19.5427
19.1025
18.6623
18.2223
17.7823
17.3425
16.9027
16.463
19.9831
19.5427
19.1025
18.6623
18.2223
17.7823
17.3425
16.9027
16.463
16.0233
19.5427
19.1025
18.6623
18.2223
17.7823
17.3425
16.9027
16.463
16.0233
15.5838
23.0692
22.6279
22.1867
21.7457
21.3048
20.8641
20.4235
19.9831
19.5427
19.1025
22.6279
22.1867
21.7457
21.3048
20.8641
20.4235
19.9831
19.5427
19.1025
18.6623
22.1867
21.7457
21.3048
20.8641
20.4235
19.9831
19.5427
19.1025
18.6623
18.2223
21.7457
21.3048
20.8641
20.4235
19.9831
19.5427
19.1025
18.6623
18.2223
17.7823
21.3048
20.8641
20.4235
19.9831
19.5427
19.1025
18.6623
18.2223
17.7823
17.3425
20.8641
20.4235
19.9831
19.5427
19.1025
18.6623
18.2223
17.7823
17.3425
16.9027
20.4235
19.9831
19.5427
19.1025
18.6623
18.2223
17.7823
17.3425
16.9027
16.463
19.9831
19.5427
19.1025
18.6623
18.2223
17.7823
17.3425
16.9027
16.463
16.0233
19.5427
19.1025
18.6623
18.2223
17.7823
17.3425
16.9027
16.463
16.0233
15.5838
19.1025
18.6623
18.2223
17.7823
17.3425
16.9027
16.463
16.0233
15.5838
15.1442
22.6279
22.1867
21.7457
21.3048
20.8641
20.4235
19.9831
19.5427
19.1025
18.6623
22.1867
21.7457
21.3048
20.8641
20.4235
19.9831
19.5427
19.1025
18.6623
18.2223
21.7457
21.3048
20.8641
20.4235
19.9831
19.5427
19.1025
18.6623
18.2223
17.7823
21.3048
20.8641
20.4235
19.9831
19.5427
19.1025
18.6623
18.2223
17.7823
17.3425
20.8641
20.4235
19.9831
19.5427
19.1025
18.6623
18.2223
17.7823
17.3425
16.9027
20.4235
19.9831
19.5427
19.1025
18.6623
18.2223
17.7823
17.3425
16.9027
16.463
19.9831
19.5427
19.1025
18.6623
18.2223
17.7823
17.3425
16.9027
16.463
16.0233
19.5427
19.1025
18.6623
18.2223
17.7823
17.3425
16.9027
16.463
16.0233
15.5838
19.1025
18.6623
18.2223
17.7823
17.3425
16.9027
16.463
16.0233
15.5838
15.1442
18.6623
18.2223
17.7823
17.3425
16.9027
16.463
16.0233
15.5838
15.1442
14.7048
22.1867
21.7457
21.3048
20.8641
20.4235
19.9831
19.5427
19.1025
18.6623
18.2223
21.7457
21.3048
20.8641
20.4235
19.9831
19.5427
19.1025
18.6623
18.2223
17.7823
21.3048
20.8641
20.4235
19.9831
19.5427
19.1025
18.6623
18.2223
17.7823
17.3425
20.8641
20.4235
19.9831
19.5427
19.1025
18.6623
18.2223
17.7823
17.3425
16.9027
20.4235
19.9831
19.5427
19.1025
18.6623
18.2223
17.7823
17.3425
16.9027
16.463
19.9831
19.5427
19.1025
18.6623
18.2223
17.7823
17.3425
16.9027
16.463
16.0233
19.5427
19.1025
18.6623
18.2223
17.7823
17.3425
16.9027
16.463
16.0233
15.5838
19.1025
18.6623
18.2223
17.7823
17.3425
16.9027
16.463
16.0233
15.5838
15.1442
18.6623
18.2223
17.7823
17.3425
16.9027
16.463
16.0233
15.5838
15.1442
14.7048
18.2223
17.7823
17.3425
16.9027
16.463
16.0233
15.5838
15.1442
14.7048
14.2654
21.7457
21.3048
20.8641
20.4235
19.9831
19.5427
19.1025
18.6623
18.2223
17.7823
21.3048
20.8641
20.4235
19.9831
19.5427
19.1025
18.6623
18.2223
17.7823
17.3425
20.8641
20.4235
19.9831
19.5427
19.1025
18.6623
18.2223
17.7823
17.3425
16.9027
20.4235
19.9831
19.5427
19.1025
18.6623
18.2223
17.7823
17.3425
16.9027
16.463
19.9831
19.5427
19.1025
18.6623
18.2223
17.7823
17.3425
16.9027
16.463
16.0233
19.5427
19.1025
18.6623
18.2223
17.7823
17.3425
16.9027
16.463
16.0233
15.5838
19.1025
18.6623
18.2223
17.7823
17.3425
16.9027
16.463
16.0233
15.5838
15.1442
18.6623
18.2223
17.7823
17.3425
16.9027
16.463
16.0233
15.5838
15.1442
14.7048
18.2223
17.7823
17.3425
16.9027
16.463
16.0233
15.5838
15.1442
14.7048
14.2654
17.7823
17.3425
16.9027
16.463
16.0233
15.5838
15.1442
14.7048
14.2654
13.826
21.3048
20.8641
20.4235
19.9831
19.5427
19.1025
18.6623
18.2223
17.7823
17.3425
20.8641
20.4235
19.9831
19.5427
19.1025
18.6623
18.2223
17.7823
17.3425
16.9027
20.4235
19.9831
19.5427
19.1025
18.6623
18.2223
17.7823
17.3425
16.9027
16.463
19.9831
19.5427
19.1025
18.6623
18.2223
17.7823
17.3425
16.9027
16.463
16.0233
19.5427
19.1025
18.6623
18.2223
17.7823
17.3425
16.9027
16.463
16.0233
15.5838
19.1025
18.6623
18.2223
17.7823
17.3425
16.9027
16.463
16.0233
15.5838
15.1442
18.6623
18.2223
17.7823
17.3425
16.9027
16.463
16.0233
15.5838
15.1442
14.7048
18.2223
17.7823
17.3425
16.9027
16.463
16.0233
15.5838
15.1442
14.7048
14.2654
17.7823
17.3425
16.9027
16.463
16.0233
15.5838
15.1442
14.7048
14.2654
13.826
17.3425
16.9027
16.463
16.0233
15.5838
15.1442
14.7048
14.2654
13.826
13.3867
20.8641
20.4235
19.9831
19.5427
19.1025
18.6623
18.2223
17.7823
17.3425
16.9027
20.4235
19.9831
19.5427
19.1025
18.6623
18.2223
17.7823
17.3425
16.9027
16.463
19.9831
19.5427
19.1025
18.6623
18.2223
17.7823
17.3425
16.9027
16.463
16.0233
19.5427
19.1025
18.6623
18.2223
17.7823
17.3425
16.9027
16.463
16.0233
15.5838
19.1025
18.6623
18.2223
17.7823
17.3425
16.9027
16.463
16.0233
15.5838
15.1442
18.6623
18.2223
17.7823
17.3425
16.9027
16.463
16.0233
15.5838
15.1442
14.7048
18.2223
17.7823
17.3425
16.9027
16.463
16.0233
15.5838
15.1442
14.7048
14.2654
17.7823
17.3425
16.9027
16.463
16.0233
15.5838
15.1442
14.7048
14.2654
13.826
17.3425
16.9027
16.463
16.0233
15.5838
15.1442
14.7048
14.2654
13.826
13.3867
16.9027
16.463
16.0233
15.5838
15.1442
14.7048
14.2654
13.826
13.3867
12.9475
20.4235
19.9831
19.5427
19.1025
18.6623
18.2223
17.7823
17.3425
16.9027
16.463
19.9831
19.5427
19.1025
18.6623
18.2223
17.7823
17.3425
16.9027
16.463
16.0233
19.5427
19.1025
18.6623
18.2223
17.7823
17.3425
16.9027
16.463
16.0233
15.5838
19.1025
18.6623
18.2223
17.7823
17.3425
16.9027
16.463
16.0233
15.5838
15.1442
18.6623
18.2223
17.7823
17.3425
16.9027
16.463
16.0233
15.5838
15.1442
14.7048
18.2223
17.7823
17.3425
16.9027
16.463
16.0233
15.5838
15.1442
14.7048
14.2654
17.7823
17.3425
16.9027
16.463
16.0233
15.5838
15.1442
14.7048
14.2654
13.826
17.3425
16.9027
16.463
16.0233
15.5838
15.1442
14.7048
14.2654
13.826
13.3867
16.9027
16.463
16.0233
15.5838
15.1442
14.7048
14.2654
13.826
13.3867
12.9475
16.463
16.0233
15.5838
15.1442
14.7048
14.2654
13.826
13.3867
12.9475
12.5082
19.9831
19.5427
19.1025
18.6623
18.2223
17.7823
17.3425
16.9027
16.463
16.0233
19.5427
19.1025
18.6623
18.2223
17.7823
17.3425
16.9027
16.463
16.0233
15.5838
19.1025
18.6623
18.2223
17.7823
17.3425
16.9027
16.463
16.0233
15.5838
15.1442
18.6623
18.2223
17.7823
17.3425
16.9027
16.463
16.0233
15.5838
15.1442
14.7048
18.2223
17.7823
17.3425
16.9027
16.463
16.0233
15.5838
15.1442
14.7048
14.2654
17.7823
17.3425
16.9027
16.463
16.0233
15.5838
15.1442
14.7048
14.2654
13.826
17.3425
16.9027
16.463
16.0233
15.5838
15.1442
14.7048
14.2654
13.826
13.3867
16.9027
16.463
16.0233
15.5838
15.1442
14.7048
14.2654
13.826
13.3867
12.9475
16.463
16.0233
15.5838
15.1442
14.7048
14.2654
13.826
13.3867
12.9475
12.5082
16.0233
15.5838
15.1442
14.7048
14.2654
13.826
13.3867
12.9475
12.5082
12.0691
19.5427
19.1025
18.6623
18.2223
17.7823
17.3425
16.9027
16.463
16.0233
15.5838
19.1025
18.6623
18.2223
17.7823
17.3425
16.9027
16.463
16.0233
15.5838
15.1442
18.6623
18.2223
17.7823
17.3425
16.9027
16.463
16.0233
15.5838
15.1442
14.7048
18.2223
17.7823
17.3425
16.9027
16.463
16.0233
15.5838
15.1442
14.7048
14.2654
17.7823
17.3425
16.9027
16.463
16.0233
15.5838
15.1442
14.7048
14.2654
13.826
17.3425
16.9027
16.463
16.0233
15.5838
15.1442
14.7048
14.2654
13.826
13.3867
16.9027
16.463
16.0233
15.5838
15.1442
14.7048
14.2654
13.826
13.3867
12.9475
16.463
16.0233
15.5838
15.1442
14.7048
14.2654
13.826
13.3867
12.9475
12.5082
16.0233
15.5838
15.1442
14.7048
14.2654
13.826
13.3867
12.9475
12.5082
12.0691
15.5838
15.1442
14.7048
14.2654
13.826
13.3867
12.9475
12.5082
12.0691
11.63
19.1025
18.6623
18.2223
17.7823
17.3425
16.9027
16.463
16.0233
15.5838
15.1442
18.6623
18.2223
17.7823
17.3425
16.9027
16.463
16.0233
15.5838
15.1442
14.7048
18.2223
17.7823
17.3425
16.9027
16.463
16.0233
15.5838
15.1442
14.7048
14.2654
17.7823
17.3425
16.9027
16.463
16.0233
15.5838
15.1442
14.7048
14.2654
13.826
17.3425
16.9027
16.463
16.0233
15.5838
15.1442
14.7048
14.2654
13.826
13.3867
16.9027
16.463
16.0233
15.5838
15.1442
14.7048
14.2654
13.826
13.3867
12.9475
16.463
16.0233
15.5838
15.1442
14.7048
14.2654
13.826
13.3867
12.9475
12.5082
16.0233
15.5838
15.1442
14.7048
14.2654
13.826
13.3867
12.9475
12.5082
12.0691
15.5838
15.1442
14.7048
14.2654
13.826
13.3867
12.9475
12.5082
12.0691
11.63
15.1442
14.7048
14.2654
13.826
13.3867
12.9475
12.5082
12.0691
11.63
11.1909
18.6623
18.2223
17.7823
17.3425
16.9027
16.463
16.0233
15.5838
15.1442
14.7048
18.2223
17.7823
17.3425
16.9027
16.463
16.0233
15.5838
15.1442
14.7048
14.2654
17.7823
17.3425
16.9027
16.463
16.0233
15.5838
15.1442
14.7048
14.2654
13.826
17.3425
16.9027
16.463
16.0233
15.5838
15.1442
14.7048
14.2654
13.826
13.3867
16.9027
16.463
16.0233
15.5838
15.1442
14.7048
14.2654
13.826
13.3867
12.9475
16.463
16.0233
15.5838
15.1442
14.7048
14.2654
13.826
13.3867
12.9475
12.5082
16.0233
15.5838
15.1442
14.7048
14.2654
13.826
13.3867
12.9475
12.5082
12.0691
15.5838
15.1442
14.7048
14.2654
13.826
13.3867
12.9475
12.5082
12.0691
11.63
15.1442
14.7048
14.2654
13.826
13.3867
12.9475
12.5082
12.0691
11.63
11.1909
14.7048
14.2654
13.826
13.3867
12.9475
12.5082
12.0691
11.63
11.1909
10.7518
18.2223
17.7823
17.3425
16.9027
16.463
16.0233
15.5838
15.1442
14.7048
14.2654
17.7823
17.3425
16.9027
16.463
16.0233
15.5838
15.1442
14.7048
14.2654
13.826
17.3425
16.9027
16.463
16.0233
15.5838
15.1442
14.7048
14.2654
13.826
13.3867
16.9027
16.463
16.0233
15.5838
15.1442
14.7048
14.2654
13.826
13.3867
12.9475
16.463
16.0233
15.5838
15.1442
14.7048
14.2654
13.826
13.3867
12.9475
12.5082
16.0233
15.5838
15.1442
14.7048
14.2654
13.826
13.3867
12.9475
12.5082
12.0691
15.5838
15.1442
14.7048
14.2654
13.826
13.3867
12.9475
12.5082
12.0691
11.63
15.1442
14.7048
14.2654
13.826
13.3867
12.9475
12.5082
12.0691
11.63
11.1909
14.7048
14.2654
13.826
13.3867
12.9475
12.5082
12.0691
11.63
11.1909
10.7518
14.2654
13.826
13.3867
12.9475
12.5082
12.0691
11.63
11.1909
10.7518
10.3128
17.7823
17.3425
16.9027
16.463
16.0233
15.5838
15.1442
14.7048
14.2654
13.826
17.3425
16.9027
16.463
16.0233
15.5838
15.1442
14.7048
14.2654
13.826
13.3867
16.9027
16.463
16.0233
15.5838
15.1442
14.7048
14.2654
13.826
13.3867
12.9475
16.463
16.0233
15.5838
15.1442
14.7048
14.2654
13.826
13.3867
12.9475
12.5082
16.0233
15.5838
15.1442
14.7048
14.2654
13.826
13.3867
12.9475
12.5082
12.0691
15.5838
15.1442
14.7048
14.2654
13.826
13.3867
12.9475
12.5082
12.0691
11.63
15.1442
14.7048
14.2654
13.826
13.3867
12.9475
12.5082
12.0691
11.63
11.1909
14.7048
14.2654
13.826
13.3867
12.9475
12.5082
12.0691
11.63
11.1909
10.7518
14.2654
13.826
13.3867
12.9475
12.5082
12.0691
11.63
11.1909
10.7518
10.3128
13.826
13.3867
12.9475
12.5082
12.0691
11.63
11.1909
10.7518
10.3128
9.87374
17.3425
16.9027
16.463
16.0233
15.5838
15.1442
14.7048
14.2654
13.826
13.3867
16.9027
16.463
16.0233
15.5838
15.1442
14.7048
14.2654
13.826
13.3867
12.9475
16.463
16.0233
15.5838
15.1442
14.7048
14.2654
13.826
13.3867
12.9475
12.5082
16.0233
15.5838
15.1442
14.7048
14.2654
13.826
13.3867
12.9475
12.5082
12.0691
15.5838
15.1442
14.7048
14.2654
13.826
13.3867
12.9475
12.5082
12.0691
11.63
15.1442
14.7048
14.2654
13.826
13.3867
12.9475
12.5082
12.0691
11.63
11.1909
14.7048
14.2654
13.826
13.3867
12.9475
12.5082
12.0691
11.63
11.1909
10.7518
14.2654
13.826
13.3867
12.9475
12.5082
12.0691
11.63
11.1909
10.7518
10.3128
13.826
13.3867
12.9475
12.5082
12.0691
11.63
11.1909
10.7518
10.3128
9.87374
13.3867
12.9475
12.5082
12.0691
11.63
11.1909
10.7518
10.3128
9.87374
9.43474
16.9027
16.463
16.0233
15.5838
15.1442
14.7048
14.2654
13.826
13.3867
12.9475
16.463
16.0233
15.5838
15.1442
14.7048
14.2654
13.826
13.3867
12.9475
12.5082
16.0233
15.5838
15.1442
14.7048
14.2654
13.826
13.3867
12.9475
12.5082
12.0691
15.5838
15.1442
14.7048
14.2654
13.826
13.3867
12.9475
12.5082
12.0691
11.63
15.1442
14.7048
14.2654
13.826
13.3867
12.9475
12.5082
12.0691
11.63
11.1909
14.7048
14.2654
13.826
13.3867
12.9475
12.5082
12.0691
11.63
11.1909
10.7518
14.2654
13.826
13.3867
12.9475
12.5082
12.0691
11.63
11.1909
10.7518
10.3128
13.826
13.3867
12.9475
12.5082
12.0691
11.63
11.1909
10.7518
10.3128
9.87374
13.3867
12.9475
12.5082
12.0691
11.63
11.1909
10.7518
10.3128
9.87374
9.43474
12.9475
12.5082
12.0691
11.63
11.1909
10.7518
10.3128
9.87374
9.43474
8.99577
16.463
16.0233
15.5838
15.1442
14.7048
14.2654
13.826
13.3867
12.9475
12.5082
16.0233
15.5838
15.1442
14.7048
14.2654
13.826
13.3867
12.9475
12.5082
12.0691
15.5838
15.1442
14.7048
14.2654
13.826
13.3867
12.9475
12.5082
12.0691
11.63
15.1442
14.7048
14.2654
13.826
13.3867
12.9475
12.5082
12.0691
11.63
11.1909
14.7048
14.2654
13.826
13.3867
12.9475
12.5082
12.0691
11.63
11.1909
10.7518
14.2654
13.826
13.3867
12.9475
12.5082
12.0691
11.6299
11.1909
10.7518
10.3128
13.826
13.3867
12.9475
12.5082
12.0691
11.6299
11.1909
10.7518
10.3128
9.87374
13.3867
12.9475
12.5082
12.0691
11.63
11.1909
10.7518
10.3128
9.87374
9.43474
12.9475
12.5082
12.0691
11.63
11.1909
10.7518
10.3128
9.87374
9.43474
8.99577
12.5082
12.0691
11.63
11.1909
10.7518
10.3128
9.87374
9.43474
8.99577
8.55682
16.0233
15.5838
15.1442
14.7048
14.2654
13.826
13.3867
12.9475
12.5082
12.0691
15.5838
15.1442
14.7048
14.2654
13.826
13.3867
12.9475
12.5082
12.0691
11.63
15.1442
14.7048
14.2654
13.826
13.3867
12.9475
12.5082
12.0691
11.63
11.1909
14.7048
14.2654
13.826
13.3867
12.9475
12.5082
12.0691
11.63
11.1909
10.7518
14.2654
13.826
13.3867
12.9475
12.5082
12.0691
11.6299
11.1909
10.7518
10.3128
13.826
13.3867
12.9475
12.5082
12.0691
11.6299
11.1909
10.7518
10.3128
9.87374
13.3867
12.9475
12.5082
12.0691
11.6299
11.1909
10.7518
10.3128
9.87374
9.43474
12.9475
12.5082
12.0691
11.63
11.1909
10.7518
10.3128
9.87374
9.43474
8.99577
12.5082
12.0691
11.63
11.1909
10.7518
10.3128
9.87374
9.43474
8.99577
8.55682
12.0691
11.63
11.1909
10.7518
10.3128
9.87374
9.43474
8.99577
8.55682
8.11789
15.5838
15.1442
14.7048
14.2654
13.826
13.3867
12.9475
12.5082
12.0691
11.63
15.1442
14.7048
14.2654
13.826
13.3867
12.9475
12.5082
12.0691
11.63
11.1909
14.7048
14.2654
13.826
13.3867
12.9475
12.5082
12.0691
11.63
11.1909
10.7518
14.2654
13.826
13.3867
12.9475
12.5082
12.0691
11.6299
11.1909
10.7518
10.3128
13.826
13.3867
12.9475
12.5082
12.0691
11.6299
11.1909
10.7518
10.3128
9.87374
13.3867
12.9475
12.5082
12.0691
11.6299
11.1909
10.7518
10.3128
9.87374
9.43474
12.9475
12.5082
12.0691
11.6299
11.1909
10.7518
10.3128
9.87374
9.43474
8.99577
12.5082
12.0691
11.63
11.1909
10.7518
10.3128
9.87374
9.43474
8.99577
8.55682
12.0691
11.63
11.1909
10.7518
10.3128
9.87374
9.43474
8.99577
8.55682
8.11789
11.63
11.1909
10.7518
10.3128
9.87374
9.43474
8.99577
8.55682
8.11789
7.67897
15.1442
14.7048
14.2654
13.826
13.3867
12.9475
12.5082
12.0691
11.63
11.1909
14.7048
14.2654
13.826
13.3867
12.9475
12.5082
12.0691
11.63
11.1909
10.7518
14.2654
13.826
13.3867
12.9475
12.5082
12.0691
11.63
11.1909
10.7518
10.3128
13.826
13.3867
12.9475
12.5082
12.0691
11.6299
11.1909
10.7518
10.3128
9.87374
13.3867
12.9475
12.5082
12.0691
11.6299
11.1909
10.7518
10.3128
9.87374
9.43474
12.9475
12.5082
12.0691
11.6299
11.1909
10.7518
10.3128
9.87374
9.43474
8.99577
12.5082
12.0691
11.63
11.1909
10.7518
10.3128
9.87374
9.43474
8.99577
8.55682
12.0691
11.63
11.1909
10.7518
10.3128
9.87374
9.43474
8.99577
8.55682
8.11789
11.63
11.1909
10.7518
10.3128
9.87374
9.43474
8.99577
8.55682
8.11789
7.67897
11.1909
10.7518
10.3128
9.87374
9.43474
8.99577
8.55682
8.11789
7.67897
7.24008
14.7048
14.2654
13.826
13.3867
12.9475
12.5082
12.0691
11.63
11.1909
10.7518
14.2654
13.826
13.3867
12.9475
12.5082
12.0691
11.63
11.1909
10.7518
10.3128
13.826
13.3867
12.9475
12.5082
12.0691
11.63
11.1909
10.7518
10.3128
9.87374
13.3867
12.9475
12.5082
12.0691
11.6299
11.1909
10.7518
10.3128
9.87374
9.43474
12.9475
12.5082
12.0691
11.6299
11.1909
10.7518
10.3128
9.87374
9.43474
8.99577
12.5082
12.0691
11.63
11.1909
10.7518
10.3128
9.87374
9.43475
8.99577
8.55682
12.0691
11.63
11.1909
10.7518
10.3128
9.87374
9.43475
8.99577
8.55682
8.11789
11.63
11.1909
10.7518
10.3128
9.87374
9.43475
8.99577
8.55682
8.11789
7.67897
11.1909
10.7518
10.3128
9.87374
9.43474
8.99577
8.55682
8.11789
7.67897
7.24008
10.7518
10.3128
9.87374
9.43474
8.99577
8.55682
8.11789
7.67897
7.24008
6.8012
14.2654
13.826
13.3867
12.9475
12.5082
12.0691
11.63
11.1909
10.7518
10.3128
13.826
13.3867
12.9475
12.5082
12.0691
11.63
11.1909
10.7518
10.3128
9.87374
13.3867
12.9475
12.5082
12.0691
11.63
11.1909
10.7518
10.3128
9.87374
9.43474
12.9475
12.5082
12.0691
11.6299
11.1909
10.7518
10.3128
9.87374
9.43474
8.99577
12.5082
12.0691
11.63
11.1909
10.7518
10.3128
9.87374
9.43475
8.99577
8.55682
12.0691
11.63
11.1909
10.7518
10.3128
9.87374
9.43475
8.99577
8.55682
8.11789
11.63
11.1909
10.7518
10.3128
9.87374
9.43475
8.99577
8.55682
8.11789
7.67897
11.1909
10.7518
10.3128
9.87374
9.43475
8.99577
8.55682
8.11789
7.67897
7.24008
10.7518
10.3128
9.87374
9.43474
8.99577
8.55682
8.11789
7.67897
7.24008
6.8012
10.3128
9.87374
9.43474
8.99577
8.55682
8.11789
7.67897
7.24008
6.8012
6.36235
13.826
13.3867
12.9475
12.5082
12.0691
11.63
11.1909
10.7518
10.3128
9.87374
13.3867
12.9475
12.5082
12.0691
11.63
11.1909
10.7518
10.3128
9.87374
9.43474
12.9475
12.5082
12.0691
11.63
11.1909
10.7518
10.3128
9.87374
9.43474
8.99577
12.5082
12.0691
11.63
11.1909
10.7518
10.3128
9.87374
9.43474
8.99577
8.55682
12.0691
11.63
11.1909
10.7518
10.3128
9.87374
9.43475
8.99577
8.55682
8.11789
11.63
11.1909
10.7518
10.3128
9.87374
9.43475
8.99577
8.55682
8.11789
7.67897
11.1909
10.7518
10.3128
9.87374
9.43475
8.99577
8.55682
8.11789
7.67897
7.24008
10.7518
10.3128
9.87374
9.43474
8.99577
8.55682
8.11789
7.67897
7.24008
6.8012
10.3128
9.87374
9.43474
8.99577
8.55682
8.11789
7.67897
7.24008
6.8012
6.36235
9.87374
9.43474
8.99577
8.55682
8.11789
7.67897
7.24008
6.8012
6.36235
5.92351
13.3867
12.9475
12.5082
12.0691
11.63
11.1909
10.7518
10.3128
9.87374
9.43474
12.9475
12.5082
12.0691
11.63
11.1909
10.7518
10.3128
9.87374
9.43474
8.99577
12.5082
12.0691
11.63
11.1909
10.7518
10.3128
9.87374
9.43474
8.99577
8.55682
12.0691
11.63
11.1909
10.7518
10.3128
9.87374
9.43475
8.99577
8.55682
8.11789
11.63
11.1909
10.7518
10.3128
9.87374
9.43475
8.99577
8.55682
8.11789
7.67897
11.1909
10.7518
10.3128
9.87374
9.43475
8.99577
8.55682
8.11789
7.67897
7.24008
10.7518
10.3128
9.87374
9.43475
8.99577
8.55682
8.11789
7.67897
7.24008
6.8012
10.3128
9.87374
9.43474
8.99577
8.55682
8.11789
7.67897
7.24008
6.8012
6.36235
9.87374
9.43474
8.99577
8.55682
8.11789
7.67897
7.24008
6.8012
6.36235
5.92351
9.43474
8.99577
8.55682
8.11789
7.67897
7.24008
6.8012
6.36235
5.92351
5.48468
12.9475
12.5082
12.0691
11.63
11.1909
10.7518
10.3128
9.87374
9.43474
8.99577
12.5082
12.0691
11.63
11.1909
10.7518
10.3128
9.87374
9.43474
8.99577
8.55682
12.0691
11.63
11.1909
10.7518
10.3128
9.87374
9.43474
8.99577
8.55682
8.11789
11.63
11.1909
10.7518
10.3128
9.87374
9.43475
8.99577
8.55682
8.11789
7.67897
11.1909
10.7518
10.3128
9.87374
9.43475
8.99577
8.55682
8.11789
7.67897
7.24008
10.7518
10.3128
9.87374
9.43475
8.99577
8.55682
8.11789
7.67897
7.24008
6.8012
10.3128
9.87374
9.43474
8.99577
8.55682
8.11789
7.67897
7.24008
6.8012
6.36235
9.87374
9.43474
8.99577
8.55682
8.11789
7.67897
7.24008
6.80121
6.36235
5.92351
9.43474
8.99577
8.55682
8.11789
7.67897
7.24008
6.8012
6.36235
5.92351
5.48468
8.99577
8.55682
8.11789
7.67897
7.24008
6.8012
6.36235
5.92351
5.48468
5.04586
12.5082
12.0691
11.63
11.1909
10.7518
10.3128
9.87374
9.43474
8.99577
8.55682
12.0691
11.63
11.1909
10.7518
10.3128
9.87374
9.43474
8.99577
8.55682
8.11789
11.63
11.1909
10.7518
10.3128
9.87374
9.43475
8.99577
8.55682
8.11789
7.67897
11.1909
10.7518
10.3128
9.87374
9.43475
8.99577
8.55682
8.11789
7.67897
7.24008
10.7518
10.3128
9.87374
9.43475
8.99577
8.55682
8.11789
7.67897
7.24008
6.8012
10.3128
9.87374
9.43475
8.99577
8.55682
8.11789
7.67897
7.24008
6.8012
6.36235
9.87374
9.43474
8.99577
8.55682
8.11789
7.67897
7.24008
6.80121
6.36235
5.92351
9.43474
8.99577
8.55682
8.11789
7.67897
7.24008
6.80121
6.36235
5.92351
5.48468
8.99577
8.55682
8.11789
7.67897
7.24008
6.8012
6.36235
5.92351
5.48468
5.04586
8.55682
8.11789
7.67897
7.24008
6.8012
6.36235
5.92351
5.48468
5.04586
4.60705
12.0691
11.63
11.1909
10.7518
10.3128
9.87374
9.43474
8.99577
8.55682
8.11789
11.63
11.1909
10.7518
10.3128
9.87374
9.43474
8.99577
8.55682
8.11789
7.67897
11.1909
10.7518
10.3128
9.87374
9.43475
8.99577
8.55682
8.11789
7.67897
7.24008
10.7518
10.3128
9.87374
9.43475
8.99577
8.55682
8.11789
7.67897
7.24008
6.8012
10.3128
9.87374
9.43475
8.99577
8.55682
8.11789
7.67897
7.24008
6.8012
6.36235
9.87374
9.43474
8.99577
8.55682
8.11789
7.67897
7.24008
6.80121
6.36235
5.92351
9.43474
8.99577
8.55682
8.11789
7.67897
7.24008
6.80121
6.36235
5.92351
5.48468
8.99577
8.55682
8.11789
7.67897
7.24008
6.80121
6.36235
5.92351
5.48468
5.04586
8.55682
8.11789
7.67897
7.24008
6.8012
6.36235
5.92351
5.48468
5.04586
4.60705
8.11789
7.67897
7.24008
6.8012
6.36235
5.92351
5.48468
5.04586
4.60705
4.16823
11.63
11.1909
10.7518
10.3128
9.87374
9.43474
8.99577
8.55682
8.11789
7.67897
11.1909
10.7518
10.3128
9.87374
9.43474
8.99577
8.55682
8.11789
7.67897
7.24008
10.7518
10.3128
9.87374
9.43474
8.99577
8.55682
8.11789
7.67897
7.24008
6.8012
10.3128
9.87374
9.43474
8.99577
8.55682
8.11789
7.67898
7.24008
6.8012
6.36235
9.87374
9.43474
8.99577
8.55682
8.11789
7.67898
7.24008
6.80121
6.36235
5.92351
9.43474
8.99577
8.55682
8.11789
7.67898
7.24008
6.80121
6.36235
5.92351
5.48468
8.99577
8.55682
8.11789
7.67898
7.24008
6.80121
6.36235
5.92351
5.48468
5.04586
8.55682
8.11789
7.67897
7.24008
6.80121
6.36235
5.92351
5.48468
5.04586
4.60705
8.11789
7.67897
7.24008
6.8012
6.36235
5.92351
5.48468
5.04586
4.60705
4.16823
7.67897
7.24008
6.8012
6.36235
5.92351
5.48468
5.04586
4.60705
4.16823
3.72945
11.1909
10.7518
10.3128
9.87374
9.43474
8.99577
8.55682
8.11789
7.67897
7.24008
10.7518
10.3128
9.87374
9.43474
8.99577
8.55682
8.11789
7.67897
7.24008
6.8012
10.3128
9.87374
9.43474
8.99577
8.55682
8.11789
7.67897
7.24008
6.8012
6.36235
9.87374
9.43474
8.99577
8.55682
8.11789
7.67898
7.24008
6.80121
6.36235
5.92351
9.43474
8.99577
8.55682
8.11789
7.67898
7.24008
6.80121
6.36235
5.92351
5.48468
8.99577
8.55682
8.11789
7.67898
7.24008
6.80121
6.36235
5.92351
5.48468
5.04586
8.55682
8.11789
7.67897
7.24008
6.80121
6.36235
5.92351
5.48468
5.04586
4.60705
8.11789
7.67897
7.24008
6.80121
6.36235
5.92351
5.48468
5.04586
4.60705
4.16823
7.67897
7.24008
6.8012
6.36235
5.92351
5.48468
5.04586
4.60705
4.16823
3.72945
7.24008
6.8012
6.36235
5.92351
5.48468
5.04586
4.60705
4.16823
3.72945
3.29066
10.7518
10.3128
9.87374
9.43474
8.99577
8.55682
8.11789
7.67897
7.24008
6.8012
10.3128
9.87374
9.43474
8.99577
8.55682
8.11789
7.67897
7.24008
6.8012
6.36235
9.87374
9.43474
8.99577
8.55682
8.11789
7.67897
7.24008
6.80121
6.36235
5.92351
9.43474
8.99577
8.55682
8.11789
7.67898
7.24008
6.80121
6.36235
5.92351
5.48468
8.99577
8.55682
8.11789
7.67898
7.24008
6.80121
6.36235
5.92351
5.48468
5.04586
8.55682
8.11789
7.67897
7.24008
6.80121
6.36235
5.92351
5.48468
5.04586
4.60705
8.11789
7.67897
7.24008
6.80121
6.36235
5.92351
5.48468
5.04586
4.60705
4.16823
7.67897
7.24008
6.80121
6.36235
5.92351
5.48468
5.04586
4.60705
4.16823
3.72945
7.24008
6.8012
6.36235
5.92351
5.48468
5.04586
4.60705
4.16823
3.72945
3.29066
6.8012
6.36235
5.92351
5.48468
5.04586
4.60705
4.16823
3.72945
3.29066
2.85189
10.3128
9.87374
9.43474
8.99577
8.55682
8.11789
7.67897
7.24008
6.8012
6.36235
9.87374
9.43474
8.99577
8.55682
8.11789
7.67897
7.24008
6.8012
6.36235
5.92351
9.43474
8.99577
8.55682
8.11789
7.67898
7.24008
6.80121
6.36235
5.92351
5.48468
8.99577
8.55682
8.11789
7.67898
7.24008
6.80121
6.36235
5.92351
5.48468
5.04586
8.55682
8.11789
7.67898
7.24008
6.80121
6.36235
5.92351
5.48468
5.04586
4.60705
8.11789
7.67897
7.24008
6.80121
6.36235
5.92351
5.48468
5.04586
4.60705
4.16823
7.67897
7.24008
6.80121
6.36235
5.92351
5.48468
5.04586
4.60705
4.16823
3.72945
7.24008
6.8012
6.36235
5.92351
5.48468
5.04586
4.60705
4.16823
3.72945
3.29066
6.8012
6.36235
5.92351
5.48468
5.04586
4.60705
4.16823
3.72945
3.29066
2.85189
6.36235
5.92351
5.48468
5.04586
4.60705
4.16823
3.72945
3.29066
2.85189
2.41312
9.87374
9.43474
8.99577
8.55682
8.11789
7.67897
7.24008
6.8012
6.36235
5.92351
9.43474
8.99577
8.55682
8.11789
7.67897
7.24008
6.8012
6.36235
5.92351
5.48468
8.99577
8.55682
8.11789
7.67897
7.24008
6.80121
6.36235
5.92351
5.48468
5.04586
8.55682
8.11789
7.67897
7.24008
6.80121
6.36235
5.92351
5.48468
5.04586
4.60705
8.11789
7.67897
7.24008
6.80121
6.36235
5.92351
5.48468
5.04586
4.60705
4.16823
7.67897
7.24008
6.80121
6.36235
5.92351
5.48468
5.04586
4.60705
4.16823
3.72945
7.24008
6.8012
6.36235
5.92351
5.48468
5.04586
4.60705
4.16823
3.72945
3.29066
6.8012
6.36235
5.92351
5.48468
5.04586
4.60705
4.16823
3.72944
3.29066
2.85189
6.36235
5.92351
5.48468
5.04586
4.60705
4.16823
3.72945
3.29066
2.85189
2.41312
5.92351
5.48468
5.04586
4.60705
4.16823
3.72945
3.29066
2.85189
2.41312
1.97437
9.43474
8.99577
8.55682
8.11789
7.67897
7.24008
6.8012
6.36235
5.92351
5.48468
8.99577
8.55682
8.11789
7.67897
7.24008
6.80121
6.36235
5.92351
5.48468
5.04586
8.55682
8.11789
7.67897
7.24008
6.80121
6.36235
5.92351
5.48468
5.04586
4.60705
8.11789
7.67897
7.24008
6.80121
6.36235
5.92351
5.48468
5.04586
4.60705
4.16823
7.67897
7.24008
6.80121
6.36235
5.92351
5.48468
5.04586
4.60705
4.16823
3.72945
7.24008
6.80121
6.36235
5.92351
5.48468
5.04586
4.60705
4.16823
3.72945
3.29066
6.8012
6.36235
5.92351
5.48468
5.04586
4.60705
4.16823
3.72944
3.29066
2.85189
6.36235
5.92351
5.48468
5.04586
4.60705
4.16823
3.72944
3.29066
2.85189
2.41312
5.92351
5.48468
5.04586
4.60705
4.16823
3.72945
3.29066
2.85189
2.41312
1.97437
5.48468
5.04586
4.60705
4.16823
3.72945
3.29066
2.85189
2.41312
1.97437
1.53561
8.99577
8.55682
8.11789
7.67897
7.24008
6.8012
6.36235
5.92351
5.48468
5.04586
8.55682
8.11789
7.67897
7.24008
6.80121
6.36235
5.92351
5.48468
5.04586
4.60705
8.11789
7.67897
7.24008
6.80121
6.36235
5.92351
5.48468
5.04586
4.60705
4.16823
7.67897
7.24008
6.80121
6.36235
5.92351
5.48468
5.04586
4.60705
4.16823
3.72945
7.24008
6.80121
6.36235
5.92351
5.48468
5.04586
4.60705
4.16823
3.72945
3.29066
6.8012
6.36235
5.92351
5.48468
5.04586
4.60705
4.16823
3.72944
3.29066
2.85189
6.36235
5.92351
5.48468
5.04586
4.60705
4.16823
3.72944
3.29066
2.85189
2.41312
5.92351
5.48468
5.04586
4.60705
4.16823
3.72944
3.29066
2.85189
2.41312
1.97437
5.48468
5.04586
4.60705
4.16823
3.72945
3.29066
2.85189
2.41312
1.97437
1.53561
5.04586
4.60705
4.16823
3.72945
3.29066
2.85189
2.41312
1.97437
1.53561
1.09687
8.55682
8.11789
7.67897
7.24008
6.8012
6.36235
5.92351
5.48468
5.04586
4.60705
8.11789
7.67897
7.24008
6.8012
6.36235
5.92351
5.48468
5.04586
4.60705
4.16823
7.67897
7.24008
6.80121
6.36235
5.92351
5.48468
5.04586
4.60705
4.16823
3.72945
7.24008
6.8012
6.36235
5.92351
5.48468
5.04586
4.60705
4.16823
3.72945
3.29066
6.8012
6.36235
5.92351
5.48468
5.04586
4.60705
4.16823
3.72944
3.29066
2.85189
6.36235
5.92351
5.48468
5.04586
4.60705
4.16824
3.72944
3.29066
2.85189
2.41312
5.92351
5.48468
5.04586
4.60705
4.16823
3.72944
3.29066
2.85189
2.41312
1.97437
5.48468
5.04586
4.60705
4.16823
3.72944
3.29066
2.85189
2.41312
1.97437
1.53561
5.04586
4.60705
4.16823
3.72945
3.29066
2.85189
2.41312
1.97437
1.53561
1.09687
4.60705
4.16823
3.72945
3.29066
2.85189
2.41312
1.97437
1.53561
1.09687
0.658114
8.11789
7.67897
7.24008
6.8012
6.36235
5.92351
5.48468
5.04586
4.60705
4.16823
7.67897
7.24008
6.8012
6.36235
5.92351
5.48468
5.04586
4.60705
4.16823
3.72945
7.24008
6.8012
6.36235
5.92351
5.48468
5.04586
4.60705
4.16823
3.72945
3.29066
6.8012
6.36235
5.92351
5.48468
5.04586
4.60705
4.16823
3.72944
3.29066
2.85189
6.36235
5.92351
5.48468
5.04586
4.60705
4.16824
3.72944
3.29066
2.85189
2.41312
5.92351
5.48468
5.04586
4.60705
4.16824
3.72944
3.29066
2.85189
2.41312
1.97437
5.48468
5.04586
4.60705
4.16823
3.72944
3.29066
2.85189
2.41312
1.97437
1.53561
5.04586
4.60705
4.16823
3.72944
3.29066
2.85189
2.41312
1.97437
1.53561
1.09687
4.60705
4.16823
3.72945
3.29066
2.85189
2.41312
1.97437
1.53561
1.09687
0.658114
4.16823
3.72945
3.29066
2.85189
2.41312
1.97437
1.53561
1.09687
0.658114
0.219377
7.67897
7.24008
6.8012
6.36235
5.92351
5.48468
5.04586
4.60705
4.16823
3.72945
7.24008
6.8012
6.36235
5.92351
5.48468
5.04586
4.60705
4.16823
3.72945
3.29066
6.8012
6.36235
5.92351
5.48468
5.04586
4.60705
4.16823
3.72944
3.29066
2.85189
6.36235
5.92351
5.48468
5.04586
4.60705
4.16824
3.72944
3.29066
2.85189
2.41312
5.92351
5.48468
5.04586
4.60705
4.16824
3.72944
3.29066
2.85189
2.41312
1.97437
5.48468
5.04586
4.60705
4.16824
3.72944
3.29066
2.85189
2.41312
1.97437
1.53561
5.04586
4.60705
4.16823
3.72944
3.29066
2.85189
2.41312
1.97437
1.53561
1.09687
4.60705
4.16823
3.72944
3.29066
2.85189
2.41312
1.97437
1.53561
1.09687
0.658114
4.16823
3.72945
3.29066
2.85189
2.41312
1.97437
1.53561
1.09687
0.658114
0.219377
3.72945
3.29066
2.85189
2.41312
1.97437
1.53561
1.09687
0.658114
0.219377
7.24008
6.8012
6.36235
5.92351
5.48468
5.04586
4.60705
4.16823
3.72945
3.29066
6.8012
6.36235
5.92351
5.48468
5.04586
4.60705
4.16823
3.72945
3.29066
2.85189
6.36235
5.92351
5.48468
5.04586
4.60705
4.16823
3.72944
3.29066
2.85189
2.41312
5.92351
5.48468
5.04586
4.60705
4.16824
3.72944
3.29066
2.85189
2.41312
1.97437
5.48468
5.04586
4.60705
4.16824
3.72944
3.29066
2.85189
2.41312
1.97437
1.53561
5.04586
4.60705
4.16823
3.72944
3.29066
2.85189
2.41312
1.97437
1.53561
1.09687
4.60705
4.16823
3.72944
3.29066
2.85189
2.41312
1.97437
1.53561
1.09687
0.658114
4.16823
3.72945
3.29066
2.85189
2.41312
1.97437
1.53561
1.09687
0.658114
0.219377
3.72945
3.29066
2.85189
2.41312
1.97437
1.53561
1.09687
0.658114
0.219377
3.29066
2.85189
2.41312
1.97437
1.53561
1.09687
0.658114
0.219377
6.8012
6.36235
5.92351
5.48468
5.04586
4.60705
4.16823
3.72945
3.29066
2.85189
6.36235
5.92351
5.48468
5.04586
4.60705
4.16823
3.72945
3.29066
2.85189
2.41312
5.92351
5.48468
5.04586
4.60705
4.16823
3.72944
3.29066
2.85189
2.41312
1.97437
5.48468
5.04586
4.60705
4.16823
3.72944
3.29066
2.85189
2.41312
1.97437
1.53561
5.04586
4.60705
4.16823
3.72944
3.29066
2.85189
2.41312
1.97437
1.53561
1.09687
4.60705
4.16823
3.72944
3.29066
2.85189
2.41312
1.97437
1.53561
1.09687
0.658114
4.16823
3.72945
3.29066
2.85189
2.41312
1.97437
1.53561
1.09687
0.658113
0.219377
3.72945
3.29066
2.85189
2.41312
1.97437
1.53561
1.09687
0.658114
0.219377
3.29066
2.85189
2.41312
1.97437
1.53561
1.09687
0.658113
0.219377
2.85189
2.41312
1.97437
1.53561
1.09687
0.658114
0.219377
6.36235
5.92351
5.48468
5.04586
4.60705
4.16823
3.72945
3.29066
2.85189
2.41312
5.92351
5.48468
5.04586
4.60705
4.16823
3.72945
3.29066
2.85189
2.41312
1.97437
5.48468
5.04586
4.60705
4.16823
3.72944
3.29066
2.85189
2.41312
1.97437
1.53561
5.04586
4.60705
4.16823
3.72944
3.29066
2.85189
2.41312
1.97437
1.53561
1.09687
4.60705
4.16823
3.72944
3.29066
2.85189
2.41312
1.97437
1.53561
1.09687
0.658113
4.16823
3.72945
3.29066
2.85189
2.41312
1.97437
1.53561
1.09687
0.658113
0.219378
3.72945
3.29066
2.85189
2.41312
1.97437
1.53561
1.09687
0.658114
0.219378
3.29066
2.85189
2.41312
1.97437
1.53561
1.09687
0.658114
0.219378
2.85189
2.41312
1.97437
1.53561
1.09687
0.658113
0.219378
2.41312
1.97437
1.53561
1.09687
0.658114
0.219377
5.92351
5.48468
5.04586
4.60705
4.16823
3.72945
3.29066
2.85189
2.41312
1.97437
5.48468
5.04586
4.60705
4.16823
3.72945
3.29066
2.85189
2.41312
1.97437
1.53561
5.04586
4.60705
4.16823
3.72944
3.29066
2.85189
2.41312
1.97437
1.53561
1.09687
4.60705
4.16823
3.72944
3.29066
2.85189
2.41312
1.97437
1.53561
1.09687
0.658113
4.16823
3.72945
3.29066
2.85189
2.41312
1.97437
1.53561
1.09687
0.658113
0.219378
3.72945
3.29066
2.85189
2.41312
1.97437
1.53561
1.09687
0.658114
0.219378
3.29066
2.85189
2.41312
1.97437
1.53561
1.09687
0.658114
0.219378
2.85189
2.41312
1.97437
1.53561
1.09687
0.658114
0.219378
2.41312
1.97437
1.53561
1.09687
0.658113
0.219378
1.97437
1.53561
1.09687
0.658114
0.219378
5.48468
5.04586
4.60705
4.16823
3.72945
3.29066
2.85189
2.41312
1.97437
1.53561
5.04586
4.60705
4.16823
3.72945
3.29066
2.85189
2.41312
1.97437
1.53561
1.09687
4.60705
4.16823
3.72945
3.29066
2.85189
2.41312
1.97437
1.53561
1.09687
0.658113
4.16823
3.72945
3.29066
2.85189
2.41312
1.97437
1.53561
1.09687
0.658113
0.219378
3.72945
3.29066
2.85189
2.41312
1.97437
1.53561
1.09687
0.658114
0.219379
3.29066
2.85189
2.41312
1.97437
1.53561
1.09687
0.658114
0.219379
2.85189
2.41312
1.97437
1.53561
1.09687
0.658114
0.219378
2.41312
1.97437
1.53561
1.09687
0.658114
0.219379
1.97437
1.53561
1.09687
0.658113
0.219378
1.53561
1.09687
0.658114
0.219378
5.04586
4.60705
4.16823
3.72945
3.29066
2.85189
2.41312
1.97437
1.53561
1.09687
4.60705
4.16823
3.72945
3.29066
2.85189
2.41312
1.97437
1.53561
1.09687
0.658114
4.16823
3.72945
3.29066
2.85189
2.41312
1.97437
1.53561
1.09687
0.658113
0.219378
3.72945
3.29066
2.85189
2.41312
1.97437
1.53561
1.09687
0.658113
0.219378
3.29066
2.85189
2.41312
1.97437
1.53561
1.09687
0.658114
0.219379
2.85189
2.41312
1.97437
1.53561
1.09687
0.658114
0.219379
2.41312
1.97437
1.53561
1.09687
0.658114
0.219379
1.97437
1.53561
1.09687
0.658114
0.219379
1.53561
1.09687
0.658113
0.219378
1.09687
0.658114
0.219378
4.60705
4.16823
3.72945
3.29066
2.85189
2.41312
1.97437
1.53561
1.09687
0.658114
4.16823
3.72945
3.29066
2.85189
2.41312
1.97437
1.53561
1.09687
0.658113
0.219378
3.72945
3.29066
2.85189
2.41312
1.97437
1.53561
1.09687
0.658113
0.219378
3.29066
2.85189
2.41312
1.97437
1.53561
1.09687
0.658113
0.219379
2.85189
2.41312
1.97437
1.53561
1.09687
0.658114
0.219379
2.41312
1.97437
1.53561
1.09687
0.658114
0.219379
1.97437
1.53561
1.09687
0.658114
0.219379
1.53561
1.09687
0.658114
0.219379
1.09687
0.658113
0.219378
0.658114
0.219377
4.16823
3.72945
3.29066
2.85189
2.41312
1.97437
1.53561
1.09687
0.658114
0.219378
3.72945
3.29066
2.85189
2.41312
1.97437
1.53561
1.09687
0.658113
0.219378
3.29066
2.85189
2.41312
1.97437
1.53561
1.09687
0.658113
0.21938
2.85189
2.41312
1.97437
1.53561
1.09687
0.658114
0.219379
2.41312
1.97437
1.53561
1.09687
0.658114
0.21938
1.97437
1.53561
1.09687
0.658114
0.21938
1.53561
1.09687
0.658114
0.219379
1.09687
0.658113
0.219379
0.658114
0.219378
0.219377
3.72945
3.29066
2.85189
2.41312
1.97437
1.53561
1.09687
0.658113
0.219378
3.29066
2.85189
2.41312
1.97437
1.53561
1.09687
0.658113
0.219379
2.85189
2.41312
1.97437
1.53561
1.09687
0.658113
0.21938
2.41312
1.97437
1.53561
1.09687
0.658113
0.21938
1.97437
1.53561
1.09687
0.658113
0.21938
1.53561
1.09687
0.658114
0.21938
1.09687
0.658113
0.21938
0.658114
0.219378
0.219378
3.29066
2.85189
2.41312
1.97437
1.53561
1.09687
0.658113
0.219378
2.85189
2.41312
1.97437
1.53561
1.09687
0.658113
0.219379
2.41312
1.97437
1.53561
1.09687
0.658113
0.219381
1.97437
1.53561
1.09687
0.658113
0.21938
1.53561
1.09687
0.658113
0.21938
1.09687
0.658113
0.21938
0.658113
0.219379
0.219378
2.85189
2.41312
1.97437
1.53561
1.09687
0.658113
0.219378
2.41312
1.97437
1.53561
1.09687
0.658113
0.21938
1.97437
1.53561
1.09687
0.658113
0.219381
1.53561
1.09687
0.658113
0.21938
1.09687
0.658113
0.219381
0.658113
0.21938
0.219378
2.41312
1.97437
1.53561
1.09687
0.658113
0.219379
1.97437
1.53561
1.09687
0.658113
0.21938
1.53561
1.09687
0.658113
0.219381
1.09687
0.658113
0.219381
0.658113
0.21938
0.219379
1.97437
1.53561
1.09687
0.658113
0.219379
1.53561
1.09687
0.658113
0.21938
1.09687
0.658113
0.219381
0.658113
0.21938
0.219379
1.53561
1.09687
0.658113
0.219379
1.09687
0.658113
0.219379
0.658113
0.219379
0.219379
1.09687
0.658113
0.219379
0.658113
0.219378
0.219379
0.658113
0.219378
0.219378
0.219378
)
;

boundaryField
{
    inlet
    {
        type            zeroGradient;
    }
    outlet
    {
        type            fixedValue;
        value           uniform 0;
    }
    wall
    {
        type            zeroGradient;
    }
}


// ************************************************************************* //
