/*--------------------------------*- C++ -*----------------------------------*\
  =========                 |
  \\      /  F ield         | OpenFOAM: The Open Source CFD Toolbox
   \\    /   O peration     | Website:  https://openfoam.org
    \\  /    A nd           | Version:  12
     \\/     M anipulation  |
\*---------------------------------------------------------------------------*/
FoamFile
{
    format      ascii;
    class       volScalarField;
    location    "450";
    object      yPlus;
}
// * * * * * * * * * * * * * * * * * * * * * * * * * * * * * * * * * * * * * //

dimensions      [];

internalField   uniform 0;

boundaryField
{
    inlet
    {
        type            calculated;
        value           uniform 0;
    }
    outlet
    {
        type            calculated;
        value           uniform 0;
    }
    wall
    {
        type            calculated;
        value           nonuniform List<scalar> 
4000
(
2.64592
3.33504
3.53026
3.57657
3.58189
3.58189
3.57657
3.53026
3.33504
2.64592
2.46827
3.38971
3.66639
3.74498
3.7612
3.7612
3.74498
3.66639
3.38971
2.46827
2.37457
3.35246
3.68429
3.79051
3.81801
3.81801
3.79051
3.68429
3.35246
2.37457
2.3117
3.29581
3.66521
3.79616
3.83414
3.83414
3.79616
3.66521
3.29581
2.3117
2.28294
3.25662
3.64763
3.7983
3.8457
3.8457
3.7983
3.64763
3.25662
2.28294
2.26715
3.23037
3.63374
3.79974
3.85543
3.85543
3.79974
3.63374
3.23037
2.26715
2.25402
3.21007
3.62104
3.79899
3.86185
3.86185
3.79899
3.62104
3.21007
2.25402
2.24253
3.19355
3.60936
3.79659
3.86553
3.86553
3.79659
3.60936
3.19355
2.24253
2.23284
3.18006
3.599
3.79338
3.86741
3.86741
3.79338
3.599
3.18006
2.23284
2.22466
3.1689
3.58992
3.78983
3.86807
3.86807
3.78983
3.58992
3.1689
2.22466
2.21761
3.15949
3.58196
3.78618
3.86787
3.86787
3.78618
3.58196
3.15949
2.21761
2.21146
3.15141
3.57495
3.78255
3.86707
3.86707
3.78255
3.57495
3.15141
2.21146
2.20604
3.14439
3.56876
3.77903
3.86587
3.86587
3.77903
3.56876
3.14439
2.20604
2.20122
3.13823
3.56325
3.77567
3.86441
3.86441
3.77567
3.56325
3.13823
2.20122
2.19691
3.13277
3.55834
3.77249
3.86278
3.86278
3.77249
3.55834
3.13277
2.19691
2.19303
3.1279
3.55392
3.76949
3.86107
3.86107
3.76949
3.55392
3.1279
2.19303
2.18951
3.12352
3.54993
3.76668
3.85931
3.85931
3.76668
3.54993
3.12352
2.18951
2.18632
3.11956
3.54632
3.76405
3.85756
3.85756
3.76405
3.54632
3.11956
2.18632
2.18341
3.11597
3.54304
3.7616
3.85584
3.85584
3.7616
3.54304
3.11597
2.18341
2.18075
3.11269
3.54004
3.7593
3.85417
3.85417
3.7593
3.54004
3.11269
2.18075
2.1783
3.1097
3.53729
3.75717
3.85256
3.85256
3.75717
3.53729
3.1097
2.1783
2.17605
3.10695
3.53476
3.75518
3.85102
3.85102
3.75518
3.53476
3.10695
2.17605
2.17398
3.10443
3.53244
3.75332
3.84955
3.84955
3.75332
3.53244
3.10443
2.17398
2.17206
3.1021
3.5303
3.75159
3.84816
3.84816
3.75159
3.5303
3.1021
2.17206
2.17029
3.09995
3.52832
3.74998
3.84684
3.84684
3.74998
3.52832
3.09995
2.17029
2.16865
3.09796
3.52648
3.74848
3.8456
3.8456
3.74848
3.52648
3.09796
2.16865
2.16713
3.09612
3.52478
3.74708
3.84444
3.84444
3.74708
3.52478
3.09612
2.16713
2.16572
3.09441
3.5232
3.74578
3.84334
3.84334
3.74578
3.5232
3.09441
2.16572
2.1644
3.09283
3.52174
3.74456
3.84232
3.84232
3.74456
3.52174
3.09283
2.1644
2.16318
3.09135
3.52037
3.74342
3.84136
3.84136
3.74342
3.52037
3.09135
2.16318
2.16205
3.08998
3.5191
3.74237
3.84046
3.84046
3.74237
3.5191
3.08998
2.16205
2.16099
3.0887
3.51792
3.74138
3.83961
3.83961
3.74138
3.51792
3.0887
2.16099
2.16
3.08751
3.51682
3.74046
3.83882
3.83882
3.74046
3.51682
3.08751
2.16
2.15908
3.0864
3.51579
3.7396
3.83809
3.83809
3.7396
3.51579
3.0864
2.15908
2.15822
3.08536
3.51483
3.73879
3.8374
3.8374
3.73879
3.51483
3.08536
2.15822
2.15742
3.0844
3.51394
3.73804
3.83675
3.83675
3.73804
3.51394
3.0844
2.15742
2.15667
3.08349
3.5131
3.73734
3.83615
3.83615
3.73734
3.5131
3.08349
2.15667
2.15598
3.08265
3.51232
3.73669
3.83558
3.83558
3.73669
3.51232
3.08265
2.15598
2.15532
3.08186
3.51159
3.73607
3.83506
3.83506
3.73607
3.51159
3.08186
2.15532
2.15471
3.08113
3.51091
3.7355
3.83456
3.83456
3.7355
3.51091
3.08113
2.15471
2.15414
3.08044
3.51027
3.73496
3.8341
3.8341
3.73496
3.51027
3.08044
2.15414
2.15361
3.0798
3.50967
3.73446
3.83367
3.83367
3.73446
3.50967
3.0798
2.15361
2.15311
3.0792
3.50912
3.734
3.83327
3.83327
3.734
3.50912
3.0792
2.15311
2.15265
3.07863
3.5086
3.73356
3.83289
3.83289
3.73356
3.5086
3.07863
2.15265
2.15221
3.07811
3.50811
3.73315
3.83254
3.83254
3.73315
3.50811
3.07811
2.15221
2.1518
3.07762
3.50765
3.73277
3.83221
3.83221
3.73277
3.50765
3.07762
2.1518
2.15142
3.07716
3.50722
3.73241
3.8319
3.8319
3.73241
3.50722
3.07716
2.15142
2.15107
3.07672
3.50682
3.73207
3.83161
3.83161
3.73207
3.50682
3.07672
2.15107
2.15073
3.07632
3.50645
3.73176
3.83134
3.83134
3.73176
3.50645
3.07632
2.15073
2.15042
3.07594
3.5061
3.73146
3.83109
3.83109
3.73146
3.5061
3.07594
2.15042
2.15013
3.07559
3.50577
3.73119
3.83086
3.83086
3.73119
3.50577
3.07559
2.15013
2.14985
3.07526
3.50547
3.73093
3.83063
3.83063
3.73093
3.50547
3.07526
2.14985
2.1496
3.07495
3.50518
3.73069
3.83043
3.83043
3.73069
3.50518
3.07495
2.1496
2.14936
3.07466
3.50491
3.73047
3.83023
3.83023
3.73047
3.50491
3.07466
2.14936
2.14913
3.07439
3.50466
3.73025
3.83005
3.83005
3.73025
3.50466
3.07439
2.14913
2.14892
3.07414
3.50442
3.73006
3.82988
3.82988
3.73006
3.50442
3.07414
2.14892
2.14872
3.0739
3.5042
3.72987
3.82972
3.82972
3.72987
3.5042
3.0739
2.14872
2.14854
3.07368
3.504
3.7297
3.82957
3.82957
3.7297
3.504
3.07368
2.14854
2.14837
3.07347
3.5038
3.72954
3.82943
3.82943
3.72954
3.5038
3.07347
2.14837
2.14821
3.07327
3.50362
3.72938
3.8293
3.8293
3.72938
3.50362
3.07327
2.14821
2.14805
3.07309
3.50345
3.72924
3.82918
3.82918
3.72924
3.50345
3.07309
2.14805
2.14791
3.07292
3.50329
3.72911
3.82907
3.82907
3.72911
3.50329
3.07292
2.14791
2.14778
3.07276
3.50315
3.72898
3.82896
3.82896
3.72898
3.50315
3.07276
2.14778
2.14766
3.07261
3.50301
3.72887
3.82886
3.82886
3.72887
3.50301
3.07261
2.14766
2.14754
3.07247
3.50288
3.72876
3.82877
3.82877
3.72876
3.50288
3.07247
2.14754
2.14743
3.07234
3.50275
3.72866
3.82868
3.82868
3.72866
3.50275
3.07234
2.14743
2.14733
3.07221
3.50264
3.72856
3.8286
3.8286
3.72856
3.50264
3.07221
2.14733
2.14723
3.0721
3.50253
3.72847
3.82852
3.82852
3.72847
3.50253
3.0721
2.14723
2.14714
3.07199
3.50243
3.72838
3.82845
3.82845
3.72839
3.50243
3.07199
2.14714
2.14706
3.07189
3.50234
3.72831
3.82838
3.82838
3.72831
3.50234
3.07189
2.14706
2.14698
3.07179
3.50225
3.72823
3.82831
3.82831
3.72823
3.50225
3.07179
2.14698
2.14691
3.0717
3.50217
3.72816
3.82826
3.82826
3.72816
3.50217
3.0717
2.14691
2.14684
3.07162
3.50209
3.7281
3.8282
3.8282
3.7281
3.50209
3.07162
2.14684
2.14677
3.07154
3.50202
3.72804
3.82815
3.82815
3.72804
3.50202
3.07154
2.14677
2.14671
3.07147
3.50195
3.72798
3.8281
3.8281
3.72798
3.50195
3.07147
2.14671
2.14666
3.0714
3.50189
3.72793
3.82805
3.82805
3.72793
3.50189
3.0714
2.14666
2.1466
3.07134
3.50183
3.72788
3.82801
3.82801
3.72788
3.50183
3.07134
2.1466
2.14655
3.07128
3.50177
3.72783
3.82797
3.82797
3.72783
3.50177
3.07128
2.14655
2.14651
3.07122
3.50172
3.72779
3.82793
3.82793
3.72779
3.50172
3.07122
2.14651
2.14646
3.07117
3.50167
3.72775
3.8279
3.8279
3.72775
3.50167
3.07117
2.14646
2.14642
3.07112
3.50162
3.72771
3.82786
3.82786
3.72771
3.50162
3.07112
2.14642
2.14638
3.07107
3.50158
3.72767
3.82783
3.82783
3.72767
3.50158
3.07107
2.14638
2.14635
3.07103
3.50154
3.72764
3.8278
3.8278
3.72764
3.50154
3.07103
2.14635
2.14631
3.07099
3.5015
3.72761
3.82778
3.82778
3.72761
3.5015
3.07099
2.14631
2.14628
3.07095
3.50147
3.72758
3.82775
3.82775
3.72758
3.50147
3.07095
2.14628
2.14625
3.07091
3.50144
3.72755
3.82773
3.82773
3.72755
3.50144
3.07091
2.14625
2.14623
3.07088
3.5014
3.72752
3.82771
3.82771
3.72752
3.5014
3.07088
2.14623
2.1462
3.07085
3.50138
3.7275
3.82769
3.82769
3.7275
3.50138
3.07085
2.1462
2.14618
3.07082
3.50135
3.72748
3.82767
3.82767
3.72748
3.50135
3.07082
2.14618
2.14615
3.07079
3.50132
3.72745
3.82765
3.82765
3.72745
3.50132
3.07079
2.14615
2.14613
3.07077
3.5013
3.72743
3.82763
3.82763
3.72743
3.5013
3.07077
2.14613
2.14611
3.07074
3.50128
3.72742
3.82761
3.82761
3.72742
3.50128
3.07074
2.14611
2.14609
3.07072
3.50126
3.7274
3.8276
3.8276
3.7274
3.50126
3.07072
2.14609
2.14608
3.0707
3.50124
3.72738
3.82758
3.82758
3.72738
3.50124
3.0707
2.14608
2.14606
3.07068
3.50122
3.72737
3.82757
3.82757
3.72737
3.50122
3.07068
2.14606
2.14604
3.07066
3.5012
3.72735
3.82756
3.82756
3.72735
3.5012
3.07066
2.14604
2.14603
3.07064
3.50118
3.72734
3.82755
3.82755
3.72734
3.50118
3.07064
2.14603
2.14602
3.07063
3.50117
3.72733
3.82754
3.82754
3.72733
3.50117
3.07063
2.14602
2.146
3.07061
3.50116
3.72731
3.82753
3.82753
3.72731
3.50116
3.07061
2.146
2.14599
3.0706
3.50114
3.7273
3.82752
3.82752
3.7273
3.50114
3.0706
2.14599
2.64592
3.33504
3.53026
3.57657
3.58189
3.58189
3.57657
3.53026
3.33504
2.64592
2.46827
3.38971
3.66639
3.74498
3.7612
3.7612
3.74498
3.66639
3.38971
2.46827
2.37457
3.35246
3.68429
3.79051
3.81801
3.81801
3.79051
3.68429
3.35246
2.37457
2.3117
3.29581
3.66521
3.79616
3.83414
3.83414
3.79616
3.66521
3.29581
2.3117
2.28294
3.25662
3.64763
3.7983
3.8457
3.8457
3.7983
3.64763
3.25662
2.28294
2.26715
3.23037
3.63374
3.79974
3.85543
3.85543
3.79974
3.63374
3.23037
2.26715
2.25402
3.21007
3.62104
3.79899
3.86185
3.86185
3.79899
3.62104
3.21007
2.25402
2.24253
3.19355
3.60936
3.79659
3.86553
3.86553
3.79659
3.60936
3.19355
2.24253
2.23284
3.18006
3.599
3.79338
3.86741
3.86741
3.79338
3.599
3.18006
2.23284
2.22466
3.1689
3.58992
3.78983
3.86807
3.86807
3.78983
3.58992
3.1689
2.22466
2.21761
3.15949
3.58196
3.78618
3.86787
3.86787
3.78618
3.58196
3.15949
2.21761
2.21146
3.15141
3.57495
3.78255
3.86707
3.86707
3.78255
3.57495
3.15141
2.21146
2.20604
3.14439
3.56876
3.77903
3.86587
3.86587
3.77903
3.56876
3.14439
2.20604
2.20122
3.13823
3.56325
3.77567
3.86441
3.86441
3.77567
3.56325
3.13823
2.20122
2.19691
3.13277
3.55834
3.77249
3.86278
3.86278
3.77249
3.55834
3.13277
2.19691
2.19303
3.1279
3.55392
3.76949
3.86107
3.86107
3.76949
3.55392
3.1279
2.19303
2.18951
3.12352
3.54993
3.76668
3.85931
3.85931
3.76668
3.54993
3.12352
2.18951
2.18632
3.11956
3.54632
3.76405
3.85756
3.85756
3.76405
3.54632
3.11956
2.18632
2.18341
3.11597
3.54304
3.7616
3.85584
3.85584
3.7616
3.54304
3.11597
2.18341
2.18075
3.11269
3.54004
3.7593
3.85417
3.85417
3.7593
3.54004
3.11269
2.18075
2.1783
3.1097
3.53729
3.75717
3.85256
3.85256
3.75717
3.53729
3.1097
2.1783
2.17605
3.10695
3.53476
3.75518
3.85102
3.85102
3.75518
3.53476
3.10695
2.17605
2.17398
3.10443
3.53244
3.75332
3.84955
3.84955
3.75332
3.53244
3.10443
2.17398
2.17206
3.1021
3.5303
3.75159
3.84816
3.84816
3.75159
3.5303
3.1021
2.17206
2.17029
3.09995
3.52832
3.74998
3.84684
3.84684
3.74998
3.52832
3.09995
2.17029
2.16865
3.09796
3.52648
3.74848
3.8456
3.8456
3.74848
3.52648
3.09796
2.16865
2.16713
3.09612
3.52478
3.74708
3.84444
3.84444
3.74708
3.52478
3.09612
2.16713
2.16572
3.09441
3.5232
3.74578
3.84334
3.84334
3.74578
3.5232
3.09441
2.16572
2.1644
3.09283
3.52174
3.74456
3.84232
3.84232
3.74456
3.52174
3.09283
2.1644
2.16318
3.09135
3.52037
3.74342
3.84136
3.84136
3.74342
3.52037
3.09135
2.16318
2.16205
3.08998
3.5191
3.74237
3.84046
3.84046
3.74237
3.5191
3.08998
2.16205
2.16099
3.0887
3.51792
3.74138
3.83961
3.83961
3.74138
3.51792
3.0887
2.16099
2.16
3.08751
3.51682
3.74046
3.83882
3.83882
3.74046
3.51682
3.08751
2.16
2.15908
3.0864
3.51579
3.7396
3.83809
3.83809
3.7396
3.51579
3.0864
2.15908
2.15822
3.08536
3.51483
3.73879
3.8374
3.8374
3.73879
3.51483
3.08536
2.15822
2.15742
3.0844
3.51394
3.73804
3.83675
3.83675
3.73804
3.51394
3.0844
2.15742
2.15667
3.08349
3.5131
3.73734
3.83615
3.83615
3.73734
3.5131
3.08349
2.15667
2.15598
3.08265
3.51232
3.73669
3.83558
3.83558
3.73669
3.51232
3.08265
2.15598
2.15532
3.08186
3.51159
3.73607
3.83506
3.83506
3.73607
3.51159
3.08186
2.15532
2.15471
3.08113
3.51091
3.7355
3.83456
3.83456
3.7355
3.51091
3.08113
2.15471
2.15414
3.08044
3.51027
3.73496
3.8341
3.8341
3.73496
3.51027
3.08044
2.15414
2.15361
3.0798
3.50967
3.73446
3.83367
3.83367
3.73446
3.50967
3.0798
2.15361
2.15311
3.0792
3.50912
3.734
3.83327
3.83327
3.734
3.50912
3.0792
2.15311
2.15265
3.07863
3.5086
3.73356
3.83289
3.83289
3.73356
3.5086
3.07863
2.15265
2.15221
3.07811
3.50811
3.73315
3.83254
3.83254
3.73315
3.50811
3.07811
2.15221
2.1518
3.07762
3.50765
3.73277
3.83221
3.83221
3.73277
3.50765
3.07762
2.1518
2.15142
3.07716
3.50722
3.73241
3.8319
3.8319
3.73241
3.50722
3.07716
2.15142
2.15107
3.07672
3.50682
3.73207
3.83161
3.83161
3.73207
3.50682
3.07672
2.15107
2.15073
3.07632
3.50645
3.73176
3.83134
3.83134
3.73176
3.50645
3.07632
2.15073
2.15042
3.07594
3.5061
3.73146
3.83109
3.83109
3.73146
3.5061
3.07594
2.15042
2.15013
3.07559
3.50577
3.73119
3.83086
3.83086
3.73119
3.50577
3.07559
2.15013
2.14985
3.07526
3.50547
3.73093
3.83063
3.83063
3.73093
3.50547
3.07526
2.14985
2.1496
3.07495
3.50518
3.73069
3.83043
3.83043
3.73069
3.50518
3.07495
2.1496
2.14936
3.07466
3.50491
3.73047
3.83023
3.83023
3.73047
3.50491
3.07466
2.14936
2.14913
3.07439
3.50466
3.73025
3.83005
3.83005
3.73025
3.50466
3.07439
2.14913
2.14892
3.07414
3.50442
3.73006
3.82988
3.82988
3.73006
3.50442
3.07414
2.14892
2.14872
3.0739
3.5042
3.72987
3.82972
3.82972
3.72987
3.5042
3.0739
2.14872
2.14854
3.07368
3.504
3.7297
3.82957
3.82957
3.7297
3.504
3.07368
2.14854
2.14837
3.07347
3.5038
3.72954
3.82943
3.82943
3.72954
3.5038
3.07347
2.14837
2.14821
3.07327
3.50362
3.72938
3.8293
3.8293
3.72938
3.50362
3.07327
2.14821
2.14805
3.07309
3.50345
3.72924
3.82918
3.82918
3.72924
3.50345
3.07309
2.14805
2.14791
3.07292
3.50329
3.72911
3.82907
3.82907
3.72911
3.50329
3.07292
2.14791
2.14778
3.07276
3.50315
3.72898
3.82896
3.82896
3.72898
3.50315
3.07276
2.14778
2.14766
3.07261
3.50301
3.72887
3.82886
3.82886
3.72887
3.50301
3.07261
2.14766
2.14754
3.07247
3.50288
3.72876
3.82877
3.82877
3.72876
3.50288
3.07247
2.14754
2.14743
3.07234
3.50275
3.72866
3.82868
3.82868
3.72866
3.50275
3.07234
2.14743
2.14733
3.07221
3.50264
3.72856
3.8286
3.8286
3.72856
3.50264
3.07221
2.14733
2.14723
3.0721
3.50253
3.72847
3.82852
3.82852
3.72847
3.50253
3.0721
2.14723
2.14714
3.07199
3.50243
3.72839
3.82845
3.82845
3.72838
3.50243
3.07199
2.14714
2.14706
3.07189
3.50234
3.72831
3.82838
3.82838
3.72831
3.50234
3.07189
2.14706
2.14698
3.07179
3.50225
3.72823
3.82831
3.82831
3.72823
3.50225
3.07179
2.14698
2.14691
3.0717
3.50217
3.72816
3.82826
3.82826
3.72816
3.50217
3.0717
2.14691
2.14684
3.07162
3.50209
3.7281
3.8282
3.8282
3.7281
3.50209
3.07162
2.14684
2.14677
3.07154
3.50202
3.72804
3.82815
3.82815
3.72804
3.50202
3.07154
2.14677
2.14671
3.07147
3.50195
3.72798
3.8281
3.8281
3.72798
3.50195
3.07147
2.14671
2.14666
3.0714
3.50189
3.72793
3.82805
3.82805
3.72793
3.50189
3.0714
2.14666
2.1466
3.07134
3.50183
3.72788
3.82801
3.82801
3.72788
3.50183
3.07134
2.1466
2.14655
3.07128
3.50177
3.72783
3.82797
3.82797
3.72783
3.50177
3.07128
2.14655
2.14651
3.07122
3.50172
3.72779
3.82793
3.82793
3.72779
3.50172
3.07122
2.14651
2.14646
3.07117
3.50167
3.72775
3.8279
3.8279
3.72775
3.50167
3.07117
2.14646
2.14642
3.07112
3.50162
3.72771
3.82786
3.82786
3.72771
3.50162
3.07112
2.14642
2.14638
3.07107
3.50158
3.72767
3.82783
3.82783
3.72767
3.50158
3.07107
2.14638
2.14635
3.07103
3.50154
3.72764
3.8278
3.8278
3.72764
3.50154
3.07103
2.14635
2.14631
3.07099
3.5015
3.72761
3.82778
3.82778
3.72761
3.5015
3.07099
2.14631
2.14628
3.07095
3.50147
3.72758
3.82775
3.82775
3.72758
3.50147
3.07095
2.14628
2.14625
3.07091
3.50144
3.72755
3.82773
3.82773
3.72755
3.50144
3.07091
2.14625
2.14623
3.07088
3.5014
3.72752
3.82771
3.82771
3.72752
3.5014
3.07088
2.14623
2.1462
3.07085
3.50138
3.7275
3.82769
3.82769
3.7275
3.50138
3.07085
2.1462
2.14618
3.07082
3.50135
3.72748
3.82767
3.82767
3.72748
3.50135
3.07082
2.14618
2.14615
3.07079
3.50132
3.72745
3.82765
3.82765
3.72745
3.50132
3.07079
2.14615
2.14613
3.07077
3.5013
3.72743
3.82763
3.82763
3.72743
3.5013
3.07077
2.14613
2.14611
3.07074
3.50128
3.72742
3.82761
3.82761
3.72742
3.50128
3.07074
2.14611
2.14609
3.07072
3.50126
3.7274
3.8276
3.8276
3.7274
3.50126
3.07072
2.14609
2.14608
3.0707
3.50124
3.72738
3.82758
3.82758
3.72738
3.50124
3.0707
2.14608
2.14606
3.07068
3.50122
3.72737
3.82757
3.82757
3.72737
3.50122
3.07068
2.14606
2.14604
3.07066
3.5012
3.72735
3.82756
3.82756
3.72735
3.5012
3.07066
2.14604
2.14603
3.07064
3.50118
3.72734
3.82755
3.82755
3.72734
3.50118
3.07064
2.14603
2.14602
3.07063
3.50117
3.72733
3.82754
3.82754
3.72733
3.50117
3.07063
2.14602
2.146
3.07061
3.50116
3.72731
3.82753
3.82753
3.72731
3.50116
3.07061
2.146
2.14599
3.0706
3.50114
3.7273
3.82752
3.82752
3.7273
3.50114
3.0706
2.14599
2.64592
2.46827
2.37457
2.3117
2.28294
2.26715
2.25402
2.24253
2.23284
2.22466
2.21761
2.21146
2.20604
2.20122
2.19691
2.19303
2.18951
2.18632
2.18341
2.18075
2.1783
2.17605
2.17398
2.17206
2.17029
2.16865
2.16713
2.16572
2.1644
2.16318
2.16205
2.16099
2.16
2.15908
2.15822
2.15742
2.15667
2.15598
2.15532
2.15471
2.15414
2.15361
2.15311
2.15265
2.15221
2.1518
2.15142
2.15107
2.15073
2.15042
2.15013
2.14985
2.1496
2.14936
2.14913
2.14892
2.14872
2.14854
2.14837
2.14821
2.14805
2.14791
2.14778
2.14766
2.14754
2.14743
2.14733
2.14723
2.14714
2.14706
2.14698
2.14691
2.14684
2.14677
2.14671
2.14666
2.1466
2.14655
2.14651
2.14646
2.14642
2.14638
2.14635
2.14631
2.14628
2.14625
2.14623
2.1462
2.14618
2.14615
2.14613
2.14611
2.14609
2.14608
2.14606
2.14604
2.14603
2.14602
2.146
2.14599
3.33504
3.38971
3.35246
3.29581
3.25662
3.23037
3.21007
3.19355
3.18006
3.1689
3.15949
3.15141
3.14439
3.13823
3.13277
3.1279
3.12352
3.11956
3.11597
3.11269
3.1097
3.10695
3.10443
3.1021
3.09995
3.09796
3.09612
3.09441
3.09283
3.09135
3.08998
3.0887
3.08751
3.0864
3.08536
3.0844
3.08349
3.08265
3.08186
3.08113
3.08044
3.0798
3.0792
3.07863
3.07811
3.07762
3.07716
3.07672
3.07632
3.07594
3.07559
3.07526
3.07495
3.07466
3.07439
3.07414
3.0739
3.07368
3.07347
3.07327
3.07309
3.07292
3.07276
3.07261
3.07247
3.07234
3.07221
3.0721
3.07199
3.07189
3.07179
3.0717
3.07162
3.07154
3.07147
3.0714
3.07134
3.07128
3.07122
3.07117
3.07112
3.07107
3.07103
3.07099
3.07095
3.07091
3.07088
3.07085
3.07082
3.07079
3.07077
3.07074
3.07072
3.0707
3.07068
3.07066
3.07064
3.07063
3.07061
3.0706
3.53026
3.66639
3.68429
3.66521
3.64763
3.63374
3.62104
3.60936
3.599
3.58992
3.58196
3.57495
3.56876
3.56325
3.55834
3.55392
3.54993
3.54632
3.54304
3.54004
3.53729
3.53476
3.53244
3.5303
3.52832
3.52648
3.52478
3.5232
3.52174
3.52037
3.5191
3.51792
3.51682
3.51579
3.51483
3.51394
3.5131
3.51232
3.51159
3.51091
3.51027
3.50967
3.50912
3.5086
3.50811
3.50765
3.50722
3.50682
3.50645
3.5061
3.50577
3.50547
3.50518
3.50491
3.50466
3.50442
3.5042
3.504
3.5038
3.50362
3.50345
3.50329
3.50315
3.50301
3.50288
3.50275
3.50264
3.50253
3.50243
3.50234
3.50225
3.50217
3.50209
3.50202
3.50195
3.50189
3.50183
3.50177
3.50172
3.50167
3.50162
3.50158
3.50154
3.5015
3.50147
3.50144
3.5014
3.50138
3.50135
3.50132
3.5013
3.50128
3.50126
3.50124
3.50122
3.5012
3.50118
3.50117
3.50116
3.50114
3.57657
3.74498
3.79051
3.79616
3.7983
3.79974
3.79899
3.79659
3.79338
3.78983
3.78618
3.78255
3.77903
3.77567
3.77249
3.76949
3.76668
3.76405
3.7616
3.7593
3.75717
3.75518
3.75332
3.75159
3.74998
3.74848
3.74708
3.74578
3.74456
3.74342
3.74237
3.74138
3.74046
3.7396
3.73879
3.73804
3.73734
3.73669
3.73607
3.7355
3.73496
3.73446
3.734
3.73356
3.73315
3.73277
3.73241
3.73207
3.73176
3.73146
3.73119
3.73093
3.73069
3.73047
3.73025
3.73006
3.72987
3.7297
3.72954
3.72938
3.72924
3.72911
3.72898
3.72887
3.72876
3.72866
3.72856
3.72847
3.72838
3.72831
3.72823
3.72816
3.7281
3.72804
3.72798
3.72793
3.72788
3.72783
3.72779
3.72775
3.72771
3.72767
3.72764
3.72761
3.72758
3.72755
3.72752
3.7275
3.72748
3.72745
3.72743
3.72742
3.7274
3.72738
3.72737
3.72735
3.72734
3.72733
3.72731
3.7273
3.58189
3.7612
3.81801
3.83414
3.8457
3.85543
3.86185
3.86553
3.86741
3.86807
3.86787
3.86707
3.86587
3.86441
3.86278
3.86107
3.85931
3.85756
3.85584
3.85417
3.85256
3.85102
3.84955
3.84816
3.84684
3.8456
3.84444
3.84334
3.84232
3.84136
3.84046
3.83961
3.83882
3.83809
3.8374
3.83675
3.83615
3.83558
3.83506
3.83456
3.8341
3.83367
3.83327
3.83289
3.83254
3.83221
3.8319
3.83161
3.83134
3.83109
3.83086
3.83063
3.83043
3.83023
3.83005
3.82988
3.82972
3.82957
3.82943
3.8293
3.82918
3.82907
3.82896
3.82886
3.82877
3.82868
3.8286
3.82852
3.82845
3.82838
3.82831
3.82826
3.8282
3.82815
3.8281
3.82805
3.82801
3.82797
3.82793
3.8279
3.82786
3.82783
3.8278
3.82778
3.82775
3.82773
3.82771
3.82769
3.82767
3.82765
3.82763
3.82761
3.8276
3.82758
3.82757
3.82756
3.82755
3.82754
3.82753
3.82752
3.58189
3.7612
3.81801
3.83414
3.8457
3.85543
3.86185
3.86553
3.86741
3.86807
3.86787
3.86707
3.86587
3.86441
3.86278
3.86107
3.85931
3.85756
3.85584
3.85417
3.85256
3.85102
3.84955
3.84816
3.84684
3.8456
3.84444
3.84334
3.84232
3.84136
3.84046
3.83961
3.83882
3.83809
3.8374
3.83675
3.83615
3.83558
3.83506
3.83456
3.8341
3.83367
3.83327
3.83289
3.83254
3.83221
3.8319
3.83161
3.83134
3.83109
3.83086
3.83063
3.83043
3.83023
3.83005
3.82988
3.82972
3.82957
3.82943
3.8293
3.82918
3.82907
3.82896
3.82886
3.82877
3.82868
3.8286
3.82852
3.82845
3.82838
3.82831
3.82826
3.8282
3.82815
3.8281
3.82805
3.82801
3.82797
3.82793
3.8279
3.82786
3.82783
3.8278
3.82778
3.82775
3.82773
3.82771
3.82769
3.82767
3.82765
3.82763
3.82761
3.8276
3.82758
3.82757
3.82756
3.82755
3.82754
3.82753
3.82752
3.57657
3.74498
3.79051
3.79616
3.7983
3.79974
3.79899
3.79659
3.79338
3.78983
3.78618
3.78255
3.77903
3.77567
3.77249
3.76949
3.76668
3.76405
3.7616
3.7593
3.75717
3.75518
3.75332
3.75159
3.74998
3.74848
3.74708
3.74578
3.74456
3.74342
3.74237
3.74138
3.74046
3.7396
3.73879
3.73804
3.73734
3.73669
3.73607
3.7355
3.73496
3.73446
3.734
3.73356
3.73315
3.73277
3.73241
3.73207
3.73176
3.73146
3.73119
3.73093
3.73069
3.73047
3.73025
3.73006
3.72987
3.7297
3.72954
3.72938
3.72924
3.72911
3.72898
3.72887
3.72876
3.72866
3.72856
3.72847
3.72839
3.72831
3.72823
3.72816
3.7281
3.72804
3.72798
3.72793
3.72788
3.72783
3.72779
3.72775
3.72771
3.72767
3.72764
3.72761
3.72758
3.72755
3.72752
3.7275
3.72748
3.72745
3.72743
3.72742
3.7274
3.72738
3.72737
3.72735
3.72734
3.72733
3.72731
3.7273
3.53026
3.66639
3.68429
3.66521
3.64763
3.63374
3.62104
3.60936
3.599
3.58992
3.58196
3.57495
3.56876
3.56325
3.55834
3.55392
3.54993
3.54632
3.54304
3.54004
3.53729
3.53476
3.53244
3.5303
3.52832
3.52648
3.52478
3.5232
3.52174
3.52037
3.5191
3.51792
3.51682
3.51579
3.51483
3.51394
3.5131
3.51232
3.51159
3.51091
3.51027
3.50967
3.50912
3.5086
3.50811
3.50765
3.50722
3.50682
3.50645
3.5061
3.50577
3.50547
3.50518
3.50491
3.50466
3.50442
3.5042
3.504
3.5038
3.50362
3.50345
3.50329
3.50315
3.50301
3.50288
3.50275
3.50264
3.50253
3.50243
3.50234
3.50225
3.50217
3.50209
3.50202
3.50195
3.50189
3.50183
3.50177
3.50172
3.50167
3.50162
3.50158
3.50154
3.5015
3.50147
3.50144
3.5014
3.50138
3.50135
3.50132
3.5013
3.50128
3.50126
3.50124
3.50122
3.5012
3.50118
3.50117
3.50116
3.50114
3.33504
3.38971
3.35246
3.29581
3.25662
3.23037
3.21007
3.19355
3.18006
3.1689
3.15949
3.15141
3.14439
3.13823
3.13277
3.1279
3.12352
3.11956
3.11597
3.11269
3.1097
3.10695
3.10443
3.1021
3.09995
3.09796
3.09612
3.09441
3.09283
3.09135
3.08998
3.0887
3.08751
3.0864
3.08536
3.0844
3.08349
3.08265
3.08186
3.08113
3.08044
3.0798
3.0792
3.07863
3.07811
3.07762
3.07716
3.07672
3.07632
3.07594
3.07559
3.07526
3.07495
3.07466
3.07439
3.07414
3.0739
3.07368
3.07347
3.07327
3.07309
3.07292
3.07276
3.07261
3.07247
3.07234
3.07221
3.0721
3.07199
3.07189
3.07179
3.0717
3.07162
3.07154
3.07147
3.0714
3.07134
3.07128
3.07122
3.07117
3.07112
3.07107
3.07103
3.07099
3.07095
3.07091
3.07088
3.07085
3.07082
3.07079
3.07077
3.07074
3.07072
3.0707
3.07068
3.07066
3.07064
3.07063
3.07061
3.0706
2.64592
2.46827
2.37457
2.3117
2.28294
2.26715
2.25402
2.24253
2.23284
2.22466
2.21761
2.21146
2.20604
2.20122
2.19691
2.19303
2.18951
2.18632
2.18341
2.18075
2.1783
2.17605
2.17398
2.17206
2.17029
2.16865
2.16713
2.16572
2.1644
2.16318
2.16205
2.16099
2.16
2.15908
2.15822
2.15742
2.15667
2.15598
2.15532
2.15471
2.15414
2.15361
2.15311
2.15265
2.15221
2.1518
2.15142
2.15107
2.15073
2.15042
2.15013
2.14985
2.1496
2.14936
2.14913
2.14892
2.14872
2.14854
2.14837
2.14821
2.14805
2.14791
2.14778
2.14766
2.14754
2.14743
2.14733
2.14723
2.14714
2.14706
2.14698
2.14691
2.14684
2.14677
2.14671
2.14666
2.1466
2.14655
2.14651
2.14646
2.14642
2.14638
2.14635
2.14631
2.14628
2.14625
2.14623
2.1462
2.14618
2.14615
2.14613
2.14611
2.14609
2.14608
2.14606
2.14604
2.14603
2.14602
2.146
2.14599
2.64592
2.46827
2.37457
2.3117
2.28294
2.26715
2.25402
2.24253
2.23284
2.22466
2.21761
2.21146
2.20604
2.20122
2.19691
2.19303
2.18951
2.18632
2.18341
2.18075
2.1783
2.17605
2.17398
2.17206
2.17029
2.16865
2.16713
2.16572
2.1644
2.16318
2.16205
2.16099
2.16
2.15908
2.15822
2.15742
2.15667
2.15598
2.15532
2.15471
2.15414
2.15361
2.15311
2.15265
2.15221
2.1518
2.15142
2.15107
2.15073
2.15042
2.15013
2.14985
2.1496
2.14936
2.14913
2.14892
2.14872
2.14854
2.14837
2.14821
2.14805
2.14791
2.14778
2.14766
2.14754
2.14743
2.14733
2.14723
2.14714
2.14706
2.14698
2.14691
2.14684
2.14677
2.14671
2.14666
2.1466
2.14655
2.14651
2.14646
2.14642
2.14638
2.14635
2.14631
2.14628
2.14625
2.14623
2.1462
2.14618
2.14615
2.14613
2.14611
2.14609
2.14608
2.14606
2.14604
2.14603
2.14602
2.146
2.14599
3.33504
3.38971
3.35246
3.29581
3.25662
3.23037
3.21007
3.19355
3.18006
3.1689
3.15949
3.15141
3.14439
3.13823
3.13277
3.1279
3.12352
3.11956
3.11597
3.11269
3.1097
3.10695
3.10443
3.1021
3.09995
3.09796
3.09612
3.09441
3.09283
3.09135
3.08998
3.0887
3.08751
3.0864
3.08536
3.0844
3.08349
3.08265
3.08186
3.08113
3.08044
3.0798
3.0792
3.07863
3.07811
3.07762
3.07716
3.07672
3.07632
3.07594
3.07559
3.07526
3.07495
3.07466
3.07439
3.07414
3.0739
3.07368
3.07347
3.07327
3.07309
3.07292
3.07276
3.07261
3.07247
3.07234
3.07221
3.0721
3.07199
3.07189
3.07179
3.0717
3.07162
3.07154
3.07147
3.0714
3.07134
3.07128
3.07122
3.07117
3.07112
3.07107
3.07103
3.07099
3.07095
3.07091
3.07088
3.07085
3.07082
3.07079
3.07077
3.07074
3.07072
3.0707
3.07068
3.07066
3.07064
3.07063
3.07061
3.0706
3.53026
3.66639
3.68429
3.66521
3.64763
3.63374
3.62104
3.60936
3.599
3.58992
3.58196
3.57495
3.56876
3.56325
3.55834
3.55392
3.54993
3.54632
3.54304
3.54004
3.53729
3.53476
3.53244
3.5303
3.52832
3.52648
3.52478
3.5232
3.52174
3.52037
3.5191
3.51792
3.51682
3.51579
3.51483
3.51394
3.5131
3.51232
3.51159
3.51091
3.51027
3.50967
3.50912
3.5086
3.50811
3.50765
3.50722
3.50682
3.50645
3.5061
3.50577
3.50547
3.50518
3.50491
3.50466
3.50442
3.5042
3.504
3.5038
3.50362
3.50345
3.50329
3.50315
3.50301
3.50288
3.50275
3.50264
3.50253
3.50243
3.50234
3.50225
3.50217
3.50209
3.50202
3.50195
3.50189
3.50183
3.50177
3.50172
3.50167
3.50162
3.50158
3.50154
3.5015
3.50147
3.50144
3.5014
3.50138
3.50135
3.50132
3.5013
3.50128
3.50126
3.50124
3.50122
3.5012
3.50118
3.50117
3.50116
3.50114
3.57657
3.74498
3.79051
3.79616
3.7983
3.79974
3.79899
3.79659
3.79338
3.78983
3.78618
3.78255
3.77903
3.77567
3.77249
3.76949
3.76668
3.76405
3.7616
3.7593
3.75717
3.75518
3.75332
3.75159
3.74998
3.74848
3.74708
3.74578
3.74456
3.74342
3.74237
3.74138
3.74046
3.7396
3.73879
3.73804
3.73734
3.73669
3.73607
3.7355
3.73496
3.73446
3.734
3.73356
3.73315
3.73277
3.73241
3.73207
3.73176
3.73146
3.73119
3.73093
3.73069
3.73047
3.73025
3.73006
3.72987
3.7297
3.72954
3.72938
3.72924
3.72911
3.72898
3.72887
3.72876
3.72866
3.72856
3.72847
3.72838
3.72831
3.72823
3.72816
3.7281
3.72804
3.72798
3.72793
3.72788
3.72783
3.72779
3.72775
3.72771
3.72767
3.72764
3.72761
3.72758
3.72755
3.72752
3.7275
3.72748
3.72745
3.72743
3.72742
3.7274
3.72738
3.72737
3.72735
3.72734
3.72733
3.72731
3.7273
3.58189
3.7612
3.81801
3.83414
3.8457
3.85543
3.86185
3.86553
3.86741
3.86807
3.86787
3.86707
3.86587
3.86441
3.86278
3.86107
3.85931
3.85756
3.85584
3.85417
3.85256
3.85102
3.84955
3.84816
3.84684
3.8456
3.84444
3.84334
3.84232
3.84136
3.84046
3.83961
3.83882
3.83809
3.8374
3.83675
3.83615
3.83558
3.83506
3.83456
3.8341
3.83367
3.83327
3.83289
3.83254
3.83221
3.8319
3.83161
3.83134
3.83109
3.83086
3.83063
3.83043
3.83023
3.83005
3.82988
3.82972
3.82957
3.82943
3.8293
3.82918
3.82907
3.82896
3.82886
3.82877
3.82868
3.8286
3.82852
3.82845
3.82838
3.82831
3.82826
3.8282
3.82815
3.8281
3.82805
3.82801
3.82797
3.82793
3.8279
3.82786
3.82783
3.8278
3.82778
3.82775
3.82773
3.82771
3.82769
3.82767
3.82765
3.82763
3.82761
3.8276
3.82758
3.82757
3.82756
3.82755
3.82754
3.82753
3.82752
3.58189
3.7612
3.81801
3.83414
3.8457
3.85543
3.86185
3.86553
3.86741
3.86807
3.86787
3.86707
3.86587
3.86441
3.86278
3.86107
3.85931
3.85756
3.85584
3.85417
3.85256
3.85102
3.84955
3.84816
3.84684
3.8456
3.84444
3.84334
3.84232
3.84136
3.84046
3.83961
3.83882
3.83809
3.8374
3.83675
3.83615
3.83558
3.83506
3.83456
3.8341
3.83367
3.83327
3.83289
3.83254
3.83221
3.8319
3.83161
3.83134
3.83109
3.83086
3.83063
3.83043
3.83023
3.83005
3.82988
3.82972
3.82957
3.82943
3.8293
3.82918
3.82907
3.82896
3.82886
3.82877
3.82868
3.8286
3.82852
3.82845
3.82838
3.82831
3.82826
3.8282
3.82815
3.8281
3.82805
3.82801
3.82797
3.82793
3.8279
3.82786
3.82783
3.8278
3.82778
3.82775
3.82773
3.82771
3.82769
3.82767
3.82765
3.82763
3.82761
3.8276
3.82758
3.82757
3.82756
3.82755
3.82754
3.82753
3.82752
3.57657
3.74498
3.79051
3.79616
3.7983
3.79974
3.79899
3.79659
3.79338
3.78983
3.78618
3.78255
3.77903
3.77567
3.77249
3.76949
3.76668
3.76405
3.7616
3.7593
3.75717
3.75518
3.75332
3.75159
3.74998
3.74848
3.74708
3.74578
3.74456
3.74342
3.74237
3.74138
3.74046
3.7396
3.73879
3.73804
3.73734
3.73669
3.73607
3.7355
3.73496
3.73446
3.734
3.73356
3.73315
3.73277
3.73241
3.73207
3.73176
3.73146
3.73119
3.73093
3.73069
3.73047
3.73025
3.73006
3.72987
3.7297
3.72954
3.72938
3.72924
3.72911
3.72898
3.72887
3.72876
3.72866
3.72856
3.72847
3.72838
3.72831
3.72823
3.72816
3.7281
3.72804
3.72798
3.72793
3.72788
3.72783
3.72779
3.72775
3.72771
3.72767
3.72764
3.72761
3.72758
3.72755
3.72752
3.7275
3.72748
3.72745
3.72743
3.72742
3.7274
3.72738
3.72737
3.72735
3.72734
3.72733
3.72731
3.7273
3.53026
3.66639
3.68429
3.66521
3.64763
3.63374
3.62104
3.60936
3.599
3.58992
3.58196
3.57495
3.56876
3.56325
3.55834
3.55392
3.54993
3.54632
3.54304
3.54004
3.53729
3.53476
3.53244
3.5303
3.52832
3.52648
3.52478
3.5232
3.52174
3.52037
3.5191
3.51792
3.51682
3.51579
3.51483
3.51394
3.5131
3.51232
3.51159
3.51091
3.51027
3.50967
3.50912
3.5086
3.50811
3.50765
3.50722
3.50682
3.50645
3.5061
3.50577
3.50547
3.50518
3.50491
3.50466
3.50442
3.5042
3.504
3.5038
3.50362
3.50345
3.50329
3.50315
3.50301
3.50288
3.50275
3.50264
3.50253
3.50243
3.50234
3.50225
3.50217
3.50209
3.50202
3.50195
3.50189
3.50183
3.50177
3.50172
3.50167
3.50162
3.50158
3.50154
3.5015
3.50147
3.50144
3.5014
3.50138
3.50135
3.50132
3.5013
3.50128
3.50126
3.50124
3.50122
3.5012
3.50118
3.50117
3.50116
3.50114
3.33504
3.38971
3.35246
3.29581
3.25662
3.23037
3.21007
3.19355
3.18006
3.1689
3.15949
3.15141
3.14439
3.13823
3.13277
3.1279
3.12352
3.11956
3.11597
3.11269
3.1097
3.10695
3.10443
3.1021
3.09995
3.09796
3.09612
3.09441
3.09283
3.09135
3.08998
3.0887
3.08751
3.0864
3.08536
3.0844
3.08349
3.08265
3.08186
3.08113
3.08044
3.0798
3.0792
3.07863
3.07811
3.07762
3.07716
3.07672
3.07632
3.07594
3.07559
3.07526
3.07495
3.07466
3.07439
3.07414
3.0739
3.07368
3.07347
3.07327
3.07309
3.07292
3.07276
3.07261
3.07247
3.07234
3.07221
3.0721
3.07199
3.07189
3.07179
3.0717
3.07162
3.07154
3.07147
3.0714
3.07134
3.07128
3.07122
3.07117
3.07112
3.07107
3.07103
3.07099
3.07095
3.07091
3.07088
3.07085
3.07082
3.07079
3.07077
3.07074
3.07072
3.0707
3.07068
3.07066
3.07064
3.07063
3.07061
3.0706
2.64592
2.46827
2.37457
2.3117
2.28294
2.26715
2.25402
2.24253
2.23284
2.22466
2.21761
2.21146
2.20604
2.20122
2.19691
2.19303
2.18951
2.18632
2.18341
2.18075
2.1783
2.17605
2.17398
2.17206
2.17029
2.16865
2.16713
2.16572
2.1644
2.16318
2.16205
2.16099
2.16
2.15908
2.15822
2.15742
2.15667
2.15598
2.15532
2.15471
2.15414
2.15361
2.15311
2.15265
2.15221
2.1518
2.15142
2.15107
2.15073
2.15042
2.15013
2.14985
2.1496
2.14936
2.14913
2.14892
2.14872
2.14854
2.14837
2.14821
2.14805
2.14791
2.14778
2.14766
2.14754
2.14743
2.14733
2.14723
2.14714
2.14706
2.14698
2.14691
2.14684
2.14677
2.14671
2.14666
2.1466
2.14655
2.14651
2.14646
2.14642
2.14638
2.14635
2.14631
2.14628
2.14625
2.14623
2.1462
2.14618
2.14615
2.14613
2.14611
2.14609
2.14608
2.14606
2.14604
2.14603
2.14602
2.146
2.14599
)
;
    }
}


// ************************************************************************* //
